DANCe RAJ2000_1 RAJ2000_2 RAJ2000_3 DEJ2000_1 DEJ2000_2 DEJ2000_3 pmRA e_pmRA pmDE e_pmDE plx e_plx
J032727.94+240458.8 03 27 27.94 24 04 58.84 20.5 2.1 -49.0 2.1 8.1 1.3
J032733.90+264340.6 03 27 33.90 26 43 40.62 19.7 6.0 -42.1 5.5 7.1 1.5
J032801.57+230442.3 03 28 01.57 23 04 42.32 18.5 0.4 -38.4 0.3 6.5 1.1
J032816.07+222732.1 03 28 16.07 22 27 32.05 24.4 2.7 -46.5 2.9 8.1 1.3
J032835.63+240043.7 03 28 35.63 24 00 43.68 23.4 2.4 -44.4 2.5 7.7 1.3
J032856.70+261831.0 03 28 56.70 26 18 31.04 21.8 1.1 -49.8 1.1 8.3 1.3
J032907.68+252143.5 03 29 07.68 25 21 43.51 22.6 2.0 -40.5 2.0 7.1 1.2
J032911.26+270952.5 03 29 11.26 27 09 52.55 20.5 2.6 -39.1 2.7 6.7 1.2
J032933.69+214237.8 03 29 33.69 21 42 37.79 20.5 3.7 -38.2 4.0 6.7 1.2
J032958.76+232218.2 03 29 58.76 23 22 18.22 19.6 2.2 -41.7 2.1 7.1 1.2
J033016.90+213525.6 03 30 16.90 21 35 25.62 21.7 4.8 -45.3 4.8 7.7 1.4
J033023.16+250223.1 03 30 23.16 25 02 23.14 24.2 1.7 -45.0 1.7 7.8 1.3
J033109.77+261113.2 03 31 09.77 26 11 13.18 24.5 2.2 -47.3 2.2 8.1 1.3
J033111.29+241356.2 03 31 11.29 24 13 56.24 23.1 1.5 -44.6 1.4 7.7 1.2
J033115.95+251519.7 03 31 15.95 25 15 19.69 22.2 0.8 -45.3 0.8 7.7 1.2
J033116.63+264303.1 03 31 16.63 26 43 03.12 21.2 2.2 -40.3 2.2 6.9 1.2
J033117.94+260143.4 03 31 17.94 26 01 43.41 19.6 2.3 -43.7 2.3 7.3 1.2
J033120.70+255733.6 03 31 20.70 25 57 33.58 22.4 2.0 -43.9 2.0 7.5 1.2
J033126.72+271936.0 03 31 26.72 27 19 35.97 21.2 3.5 -40.7 3.5 7.0 1.3
J033127.36+263009.5 03 31 27.36 26 30 09.48 18.7 2.3 -38.6 2.3 6.5 1.1
J033128.34+214918.9 03 31 28.34 21 49 18.87 23.8 0.7 -48.8 0.7 8.4 1.3
J033149.86+225024.4 03 31 49.86 22 50 24.35 23.5 1.9 -44.9 1.9 7.8 1.3
J033200.48+234629.2 03 32 00.48 23 46 29.17 19.1 1.5 -45.4 1.5 7.5 1.2
J033200.72+243055.6 03 32 00.72 24 30 55.62 17.2 1.4 -38.7 1.4 6.5 1.1
J033207.88+231357.1 03 32 07.88 23 13 57.13 21.8 2.0 -39.5 2.0 6.9 1.2
J033215.30+204741.6 03 32 15.30 20 47 41.62 18.6 3.2 -42.7 3.3 7.2 1.3
J033222.57+245934.6 03 32 22.57 24 59 34.65 24.2 1.5 -47.6 1.5 8.2 1.3
J033236.29+265810.1 03 32 36.29 26 58 10.05 23.2 1.5 -42.4 1.5 7.3 1.2
J033237.82+232559.0 03 32 37.82 23 25 58.99 21.7 2.0 -39.8 2.0 6.9 1.2
J033242.31+233400.1 03 32 42.31 23 34 00.12 19.9 1.6 -37.8 1.6 6.5 1.1
J033257.58+271719.5 03 32 57.58 27 17 19.46 21.3 1.9 -42.1 1.9 7.2 1.2
J033308.26+263113.0 03 33 08.26 26 31 13.01 18.3 2.9 -40.9 2.8 6.8 1.2
J033310.50+223118.9 03 33 10.50 22 31 18.93 22.4 2.0 -50.0 2.0 8.4 1.4
J033314.39+245008.0 03 33 14.39 24 50 07.99 22.1 2.2 -49.3 2.2 8.3 1.3
J033338.03+252016.8 03 33 38.03 25 20 16.80 22.3 2.6 -46.9 2.5 7.9 1.3
J033349.81+225619.6 03 33 49.81 22 56 19.57 21.6 1.8 -46.2 1.7 7.8 1.3
J033404.42+253133.5 03 34 04.42 25 31 33.49 23.9 2.5 -43.7 2.5 7.6 1.3
J033408.02+265229.2 03 34 08.02 26 52 29.23 20.3 2.4 -40.1 2.3 6.8 1.2
J033422.54+245240.7 03 34 22.54 24 52 40.71 20.3 1.7 -45.7 1.7 7.6 1.2
J033425.80+283912.2 03 34 25.80 28 39 12.23 16.8 3.7 -43.6 3.3 7.1 1.3
J033438.61+245128.4 03 34 38.61 24 51 28.39 18.1 1.2 -44.2 1.2 7.3 1.2
J033446.36+275532.4 03 34 46.36 27 55 32.45 21.1 2.2 -41.7 2.2 7.1 1.2
J033447.54+262213.4 03 34 47.54 26 22 13.40 22.5 2.6 -42.5 2.6 7.3 1.2
J033450.82+253446.4 03 34 50.82 25 34 46.37 19.0 3.2 -41.0 3.2 6.9 1.2
J033458.66+233148.5 03 34 58.66 23 31 48.53 20.2 1.0 -42.5 0.9 7.2 1.2
J033505.07+243043.8 03 35 05.07 24 30 43.81 20.3 0.4 -41.2 0.4 7.0 1.1
J033509.41+241419.8 03 35 09.41 24 14 19.83 17.6 0.8 -45.9 0.7 7.5 1.2
J033510.44+243154.3 03 35 10.44 24 31 54.34 21.0 1.0 -44.4 1.0 7.5 1.2
J033516.28+234757.7 03 35 16.28 23 47 57.68 24.1 1.4 -46.3 1.4 8.0 1.3
J033518.76+232620.7 03 35 18.76 23 26 20.71 19.0 1.5 -39.5 1.5 6.7 1.1
J033546.41+222449.8 03 35 46.41 22 24 49.82 23.2 0.7 -43.7 0.6 7.6 1.2
J033549.68+250448.2 03 35 49.68 25 04 48.22 23.3 0.4 -44.7 0.3 7.7 1.2
J033556.06+252159.3 03 35 56.06 25 21 59.32 23.3 3.2 -43.4 3.1 7.5 1.3
J033559.91+260132.1 03 35 59.91 26 01 32.07 18.2 1.2 -43.2 1.2 7.1 1.2
J033601.95+271104.7 03 36 01.95 27 11 04.71 19.9 1.9 -43.5 1.9 7.3 1.2
J033603.85+225203.4 03 36 03.85 22 52 03.39 20.6 1.5 -46.4 1.5 7.8 1.3
J033616.31+250848.9 03 36 16.31 25 08 48.94 20.1 0.4 -48.1 0.4 8.0 1.3
J033627.37+244117.2 03 36 27.37 24 41 17.24 21.0 0.3 -48.3 0.2 8.1 1.3
J033629.05+201119.5 03 36 29.05 20 11 19.55 20.2 3.5 -41.7 3.3 7.2 1.3
J033638.40+230844.1 03 36 38.40 23 08 44.06 16.8 1.1 -42.9 1.1 7.1 1.2
J033642.67+282106.0 03 36 42.67 28 21 05.96 17.2 2.5 -39.6 2.4 6.6 1.2
J033644.12+220138.6 03 36 44.12 22 01 38.64 20.2 1.0 -48.6 1.0 8.1 1.3
J033650.88+231814.2 03 36 50.88 23 18 14.22 17.3 1.1 -42.5 1.0 7.0 1.2
J033653.30+263427.9 03 36 53.30 26 34 27.89 16.7 1.9 -40.1 1.9 6.6 1.1
J033654.11+215802.7 03 36 54.11 21 58 02.72 21.1 1.5 -39.4 1.5 6.9 1.2
J033703.48+244435.4 03 37 03.48 24 44 35.42 19.2 0.3 -45.8 0.2 7.6 1.2
J033710.51+251734.4 03 37 10.51 25 17 34.43 18.6 1.0 -38.9 1.0 6.6 1.1
J033715.61+262929.7 03 37 15.61 26 29 29.72 20.7 1.4 -44.9 1.3 7.5 1.2
J033716.53+231104.2 03 37 16.53 23 11 04.24 22.3 0.3 -50.0 0.2 8.4 1.3
J033716.71+254411.2 03 37 16.71 25 44 11.20 20.7 0.4 -41.8 0.3 7.1 1.2
J033724.05+222103.6 03 37 24.05 22 21 03.56 19.1 0.8 -45.4 0.8 7.6 1.2
J033726.40+243401.0 03 37 26.40 24 34 01.00 16.1 1.4 -38.4 1.4 6.4 1.1
J033727.98+230219.5 03 37 27.98 23 02 19.53 21.6 0.5 -49.7 0.4 8.3 1.3
J033730.69+245054.3 03 37 30.69 24 50 54.34 23.5 1.0 -47.0 0.9 8.0 1.3
J033731.07+234607.1 03 37 31.07 23 46 07.10 20.3 0.4 -42.1 0.3 7.2 1.2
J033732.89+265821.5 03 37 32.89 26 58 21.47 18.5 1.9 -47.2 1.8 7.7 1.3
J033736.01+263248.4 03 37 36.01 26 32 48.43 21.5 1.8 -45.6 1.8 7.7 1.3
J033737.08+231057.8 03 37 37.08 23 10 57.81 20.0 0.4 -42.9 0.3 7.3 1.2
J033737.46+254149.8 03 37 37.46 25 41 49.81 18.1 0.4 -40.3 0.3 6.7 1.1
J033737.70+262103.9 03 37 37.70 26 21 03.89 18.4 1.1 -42.8 1.1 7.1 1.2
J033746.60+265044.5 03 37 46.60 26 50 44.53 21.2 2.0 -39.9 2.0 6.9 1.2
J033747.51+245345.9 03 37 47.51 24 53 45.90 15.3 0.8 -40.4 0.8 6.6 1.1
J033748.93+265145.1 03 37 48.93 26 51 45.09 21.5 1.7 -49.5 1.6 8.2 1.3
J033756.42+232256.6 03 37 56.42 23 22 56.63 22.0 0.3 -46.5 0.2 7.9 1.3
J033802.05+242015.0 03 38 02.05 24 20 14.96 22.7 0.7 -46.8 0.7 8.0 1.3
J033802.44+235435.4 03 38 02.44 23 54 35.42 20.4 0.5 -43.9 0.4 7.4 1.2
J033806.93+241455.4 03 38 06.93 24 14 55.42 22.3 0.4 -45.7 0.3 7.8 1.2
J033809.30+273509.3 03 38 09.30 27 35 09.31 19.0 3.3 -44.1 3.3 7.3 1.3
J033813.04+243816.6 03 38 13.04 24 38 16.63 19.0 0.8 -48.1 0.8 7.9 1.3
J033823.39+230628.8 03 38 23.39 23 06 28.77 20.9 0.4 -47.9 0.3 8.0 1.3
J033827.52+253018.1 03 38 27.52 25 30 18.07 19.3 0.4 -39.7 0.3 6.7 1.1
J033827.84+265125.4 03 38 27.84 26 51 25.36 18.5 1.7 -44.5 1.7 7.3 1.2
J033833.05+280759.7 03 38 33.05 28 07 59.73 15.9 2.5 -42.2 2.4 6.8 1.2
J033834.20+234307.3 03 38 34.20 23 43 07.26 19.8 0.3 -46.4 0.2 7.7 1.2
J033834.49+234022.2 03 38 34.49 23 40 22.25 19.3 0.4 -46.0 0.3 7.6 1.2
J033840.48+260545.8 03 38 40.48 26 05 45.80 17.0 0.4 -39.6 0.4 6.6 1.1
J033840.72+223934.6 03 38 40.72 22 39 34.60 19.5 0.8 -45.6 0.7 7.6 1.2
J033843.70+241124.5 03 38 43.70 24 11 24.50 19.2 0.7 -43.6 0.6 7.3 1.2
J033845.75+242803.6 03 38 45.75 24 28 03.62 17.6 0.9 -42.7 0.8 7.1 1.2
J033852.91+251410.8 03 38 52.91 25 14 10.84 21.6 1.0 -44.8 1.0 7.6 1.2
J033854.17+244215.5 03 38 54.17 24 42 15.53 21.4 1.4 -44.2 1.4 7.5 1.2
J033903.50+212519.9 03 39 03.50 21 25 19.89 22.1 1.4 -46.7 1.4 8.0 1.3
J033908.12+244614.7 03 39 08.12 24 46 14.67 20.8 0.3 -44.9 0.2 7.6 1.2
J033909.86+235852.6 03 39 09.86 23 58 52.59 20.2 0.3 -43.1 0.2 7.3 1.2
J033913.20+215035.7 03 39 13.20 21 50 35.70 20.6 1.1 -42.4 1.0 7.3 1.2
J033913.32+254349.6 03 39 13.32 25 43 49.61 22.0 0.4 -47.4 0.3 8.0 1.3
J033914.77+232331.7 03 39 14.77 23 23 31.67 18.2 0.6 -42.6 0.6 7.1 1.2
J033922.41+261136.2 03 39 22.41 26 11 36.23 18.7 0.4 -43.9 0.3 7.3 1.2
J033929.21+232957.4 03 39 29.21 23 29 57.35 19.6 1.5 -44.1 1.5 7.4 1.2
J033935.46+240706.2 03 39 35.46 24 07 06.21 23.9 0.3 -46.1 0.2 7.9 1.3
J033938.69+232320.2 03 39 38.69 23 23 20.17 19.8 1.2 -43.1 1.2 7.3 1.2
J033941.11+232823.4 03 39 41.11 23 28 23.38 20.6 0.3 -45.2 0.2 7.6 1.2
J033941.66+251444.2 03 39 41.66 25 14 44.25 20.5 0.8 -44.6 0.8 7.5 1.2
J033942.71+235427.8 03 39 42.71 23 54 27.79 20.4 0.3 -44.7 0.2 7.5 1.2
J033942.76+244304.6 03 39 42.76 24 43 04.59 23.1 2.7 -48.6 2.7 8.2 1.4
J033943.31+231225.4 03 39 43.31 23 12 25.41 21.2 0.3 -42.3 0.2 7.3 1.2
J033944.19+220745.6 03 39 44.19 22 07 45.61 21.0 0.3 -43.2 0.2 7.4 1.2
J033944.79+223915.4 03 39 44.79 22 39 15.37 19.6 0.3 -45.8 0.2 7.7 1.2
J033947.02+262114.5 03 39 47.02 26 21 14.51 22.6 0.4 -48.0 0.3 8.1 1.3
J033947.98+235056.8 03 39 47.98 23 50 56.78 22.1 0.3 -48.7 0.2 8.2 1.3
J033948.50+234604.0 03 39 48.50 23 46 03.95 21.3 0.3 -47.3 0.2 8.0 1.3
J033949.71+230326.3 03 39 49.71 23 03 26.28 21.3 0.3 -45.9 0.2 7.8 1.2
J033950.67+234552.4 03 39 50.67 23 45 52.43 20.5 0.3 -44.2 0.2 7.5 1.2
J033951.16+251141.5 03 39 51.16 25 11 41.47 18.7 1.1 -43.3 1.0 7.2 1.2
J033955.20+241254.3 03 39 55.20 24 12 54.31 21.9 0.3 -46.4 0.2 7.9 1.2
J033957.15+260700.1 03 39 57.15 26 07 00.08 19.7 0.4 -47.3 0.3 7.8 1.2
J033957.85+255529.7 03 39 57.85 25 55 29.74 20.5 0.3 -47.2 0.2 7.9 1.2
J034000.19+232605.7 03 40 00.19 23 26 05.67 22.2 0.3 -47.6 0.3 8.1 1.3
J034001.84+250419.4 03 40 01.84 25 04 19.41 16.5 0.8 -42.6 0.8 7.0 1.1
J034001.86+244626.1 03 40 01.86 24 46 26.05 22.0 0.3 -46.3 0.2 7.8 1.2
J034003.14+254005.5 03 40 03.14 25 40 05.54 16.9 3.2 -38.5 3.2 6.4 1.2
J034005.98+254020.9 03 40 05.98 25 40 20.87 22.1 0.3 -46.3 0.3 7.8 1.2
J034006.21+280832.0 03 40 06.21 28 08 32.02 19.4 2.4 -44.4 2.4 7.4 1.2
J034006.82+251549.2 03 40 06.82 25 15 49.17 21.3 1.5 -40.3 1.5 6.9 1.2
J034007.00+223847.5 03 40 07.00 22 38 47.53 20.9 0.3 -45.2 0.2 7.7 1.2
J034007.11+241303.3 03 40 07.11 24 13 03.33 20.9 0.3 -45.7 0.2 7.7 1.2
J034009.68+231032.5 03 40 09.68 23 10 32.51 20.8 0.3 -46.0 0.2 7.8 1.2
J034010.49+214445.7 03 40 10.49 21 44 45.72 23.2 0.4 -47.4 0.3 8.1 1.3
J034010.70+254929.8 03 40 10.70 25 49 29.85 19.8 0.4 -43.6 0.3 7.3 1.2
J034010.93+260640.9 03 40 10.93 26 06 40.87 18.8 0.3 -42.5 0.2 7.1 1.2
J034011.05+252326.5 03 40 11.05 25 23 26.46 22.0 1.0 -43.2 1.0 7.4 1.2
J034011.92+255232.3 03 40 11.92 25 52 32.31 20.2 0.4 -43.4 0.3 7.3 1.2
J034011.98+214831.8 03 40 11.98 21 48 31.84 19.0 0.4 -38.1 0.3 6.6 1.1
J034012.74+230935.5 03 40 12.74 23 09 35.53 18.1 0.5 -40.6 0.4 6.8 1.1
J034014.92+251918.6 03 40 14.92 25 19 18.55 21.2 1.1 -43.1 1.0 7.3 1.2
J034015.26+283501.0 03 40 15.26 28 35 01.05 21.0 2.6 -44.4 2.6 7.5 1.3
J034016.66+275521.9 03 40 16.66 27 55 21.88 19.8 1.5 -41.4 1.5 7.0 1.2
J034018.85+235423.3 03 40 18.85 23 54 23.29 18.9 0.8 -46.5 0.8 7.7 1.2
J034023.06+252947.4 03 40 23.06 25 29 47.39 18.4 1.0 -46.0 0.9 7.6 1.2
J034023.84+230408.9 03 40 23.84 23 04 08.89 22.6 0.5 -43.7 0.4 7.6 1.2
J034024.19+243504.0 03 40 24.19 24 35 04.03 21.1 0.3 -44.4 0.2 7.5 1.2
J034025.62+240600.1 03 40 25.62 24 06 00.09 21.4 0.3 -47.0 0.2 7.9 1.3
J034026.09+243212.9 03 40 26.09 24 32 12.87 18.1 1.0 -44.4 1.0 7.3 1.2
J034026.28+232129.0 03 40 26.28 23 21 29.04 21.8 0.3 -43.3 0.2 7.4 1.2
J034026.40+240523.7 03 40 26.40 24 05 23.67 18.9 0.3 -41.7 0.2 7.0 1.1
J034026.96+241414.3 03 40 26.96 24 14 14.31 20.1 0.3 -43.6 0.2 7.4 1.2
J034027.93+241209.2 03 40 27.93 24 12 09.18 20.5 0.8 -44.2 0.7 7.5 1.2
J034028.57+233342.2 03 40 28.57 23 33 42.21 18.4 0.5 -43.6 0.4 7.3 1.2
J034031.17+250852.7 03 40 31.17 25 08 52.71 18.4 2.1 -38.5 2.1 6.5 1.1
J034031.50+233302.2 03 40 31.50 23 33 02.16 21.3 0.3 -46.8 0.2 7.9 1.3
J034032.38+195429.9 03 40 32.38 19 54 29.94 19.4 2.5 -38.3 2.4 6.7 1.2
J034032.59+252840.3 03 40 32.59 25 28 40.35 17.0 1.2 -45.3 1.2 7.4 1.2
J034035.51+231307.1 03 40 35.51 23 13 07.09 22.9 1.0 -45.2 1.0 7.8 1.2
J034037.83+212422.5 03 40 37.83 21 24 22.46 18.3 2.0 -46.7 1.9 7.7 1.3
J034038.10+263829.2 03 40 38.10 26 38 29.21 21.1 2.1 -43.3 2.1 7.3 1.2
J034039.46+232634.8 03 40 39.46 23 26 34.78 21.3 0.3 -44.5 0.3 7.6 1.2
J034040.04+244408.8 03 40 40.04 24 44 08.75 19.9 1.1 -47.1 1.1 7.8 1.3
J034040.32+255048.3 03 40 40.32 25 50 48.27 20.0 0.4 -45.6 0.3 7.6 1.2
J034043.20+224953.8 03 40 43.20 22 49 53.83 20.7 0.3 -44.4 0.2 7.5 1.2
J034045.16+275040.4 03 40 45.16 27 50 40.37 17.4 1.3 -38.3 1.3 6.4 1.1
J034046.31+240925.7 03 40 46.31 24 09 25.70 20.8 0.4 -44.5 0.3 7.5 1.2
J034047.80+214321.9 03 40 47.80 21 43 21.85 20.5 0.4 -44.3 0.3 7.5 1.2
J034049.40+211255.3 03 40 49.40 21 12 55.26 20.7 0.5 -45.8 0.5 7.8 1.2
J034051.45+193246.1 03 40 51.45 19 32 46.06 21.9 0.5 -46.2 0.4 7.9 1.3
J034051.82+231350.4 03 40 51.82 23 13 50.43 22.9 0.3 -45.3 0.2 7.8 1.2
J034054.47+225425.7 03 40 54.47 22 54 25.67 21.1 0.3 -43.9 0.2 7.5 1.2
J034055.05+222058.7 03 40 55.05 22 20 58.69 18.6 0.3 -45.2 0.3 7.5 1.2
J034055.30+253457.4 03 40 55.30 25 34 57.39 20.3 0.7 -46.9 0.6 7.8 1.2
J034056.06+284339.0 03 40 56.06 28 43 38.97 15.1 1.8 -41.2 1.8 6.6 1.1
J034100.39+241335.1 03 41 00.39 24 13 35.12 20.6 0.4 -45.4 0.4 7.6 1.2
J034101.99+245521.2 03 41 01.99 24 55 21.23 16.9 0.4 -41.0 0.3 6.8 1.1
J034102.99+234321.5 03 41 02.99 23 43 21.54 19.5 0.3 -43.5 0.2 7.3 1.2
J034104.15+253025.5 03 41 04.15 25 30 25.47 18.3 0.9 -43.5 0.9 7.2 1.2
J034105.22+235015.1 03 41 05.22 23 50 15.12 21.7 0.4 -44.1 0.3 7.5 1.2
J034105.41+233256.7 03 41 05.41 23 32 56.71 22.5 0.4 -44.9 0.3 7.7 1.2
J034110.27+254556.0 03 41 10.27 25 45 56.02 20.5 0.4 -47.2 0.3 7.9 1.3
J034111.53+261618.9 03 41 11.53 26 16 18.89 18.5 0.7 -42.9 0.7 7.1 1.2
J034113.20+240525.6 03 41 13.20 24 05 25.60 18.4 1.4 -42.0 1.4 7.0 1.2
J034119.35+235141.7 03 41 19.35 23 51 41.74 19.6 0.4 -44.5 0.4 7.5 1.2
J034119.86+250649.2 03 41 19.86 25 06 49.18 20.6 0.4 -49.9 0.3 8.3 1.3
J034120.00+223753.8 03 41 20.00 22 37 53.77 19.0 0.3 -44.3 0.2 7.4 1.2
J034122.44+242351.7 03 41 22.44 24 23 51.74 19.6 0.3 -47.2 0.2 7.8 1.2
J034122.88+235548.1 03 41 22.88 23 55 48.08 21.3 0.5 -44.6 0.5 7.6 1.2
J034122.97+232913.0 03 41 22.97 23 29 12.98 22.3 0.9 -44.5 0.9 7.6 1.2
J034123.47+220154.0 03 41 23.47 22 01 53.99 18.6 0.3 -44.8 0.2 7.5 1.2
J034124.69+252305.7 03 41 24.69 25 23 05.69 18.3 1.0 -42.2 0.9 7.0 1.2
J034125.32+223256.0 03 41 25.32 22 32 56.03 21.7 0.3 -45.2 0.2 7.7 1.2
J034125.97+231535.6 03 41 25.97 23 15 35.64 19.4 1.0 -50.1 1.0 8.2 1.3
J034126.36+230802.7 03 41 26.36 23 08 02.70 21.2 0.3 -44.9 0.2 7.6 1.2
J034130.35+251706.1 03 41 30.35 25 17 06.12 19.5 0.4 -46.6 0.3 7.7 1.2
J034130.71+251152.2 03 41 30.71 25 11 52.20 19.4 1.6 -40.7 1.6 6.9 1.2
J034131.20+240324.9 03 41 31.20 24 03 24.91 19.5 0.3 -45.8 0.2 7.6 1.2
J034132.47+230941.8 03 41 32.47 23 09 41.80 17.7 1.0 -47.3 1.0 7.8 1.2
J034133.58+270950.0 03 41 33.58 27 09 50.04 19.8 1.9 -47.8 1.9 7.9 1.3
J034133.72+250648.5 03 41 33.72 25 06 48.51 19.0 0.3 -43.8 0.2 7.3 1.2
J034134.79+233815.7 03 41 34.79 23 38 15.67 20.5 0.3 -45.7 0.2 7.7 1.2
J034137.25+250832.8 03 41 37.25 25 08 32.77 19.9 0.3 -46.0 0.2 7.7 1.2
J034138.81+242309.2 03 41 38.81 24 23 09.22 19.3 0.3 -45.0 0.2 7.5 1.2
J034138.86+221640.3 03 41 38.86 22 16 40.29 20.0 0.4 -46.0 0.3 7.7 1.2
J034139.59+234546.9 03 41 39.59 23 45 46.94 20.2 0.3 -48.9 0.2 8.1 1.3
J034139.84+245230.1 03 41 39.84 24 52 30.11 20.4 0.3 -46.4 0.2 7.8 1.2
J034140.90+255424.2 03 41 40.90 25 54 24.23 20.0 0.5 -46.5 0.4 7.7 1.2
J034142.41+235457.2 03 41 42.41 23 54 57.21 21.0 0.4 -45.2 0.3 7.7 1.2
J034143.72+230759.8 03 41 43.72 23 07 59.85 20.5 0.3 -43.9 0.2 7.5 1.2
J034143.95+250330.5 03 41 43.95 25 03 30.49 19.6 0.7 -46.5 0.6 7.7 1.2
J034145.07+222801.7 03 41 45.07 22 28 01.70 17.5 0.9 -43.6 0.8 7.2 1.2
J034146.67+230119.6 03 41 46.67 23 01 19.55 23.0 0.5 -43.9 0.5 7.6 1.2
J034147.08+250021.9 03 41 47.08 25 00 21.92 20.5 0.4 -45.0 0.3 7.6 1.2
J034147.10+225124.9 03 41 47.10 22 51 24.90 18.3 0.8 -45.3 0.7 7.5 1.2
J034151.50+241927.3 03 41 51.50 24 19 27.34 18.4 0.3 -43.2 0.2 7.2 1.2
J034152.31+244157.6 03 41 52.31 24 41 57.59 22.7 0.3 -49.4 0.2 8.3 1.3
J034152.94+240724.8 03 41 52.94 24 07 24.84 19.3 0.3 -44.8 0.2 7.5 1.2
J034153.05+270442.9 03 41 53.05 27 04 42.91 18.1 1.8 -42.2 1.9 7.0 1.2
J034154.16+230504.8 03 41 54.16 23 05 04.82 20.9 0.4 -46.3 0.3 7.8 1.2
J034154.21+254347.1 03 41 54.21 25 43 47.08 21.8 0.4 -46.4 0.3 7.8 1.2
J034156.49+270257.9 03 41 56.49 27 02 57.90 16.7 1.7 -42.6 1.7 7.0 1.2
J034157.74+234005.9 03 41 57.74 23 40 05.92 19.7 0.3 -45.7 0.3 7.6 1.2
J034158.65+225701.9 03 41 58.65 22 57 01.95 21.7 0.3 -45.8 0.2 7.8 1.2
J034158.86+261221.2 03 41 58.86 26 12 21.24 19.5 0.4 -43.7 0.3 7.3 1.2
J034158.94+251944.2 03 41 58.94 25 19 44.20 19.4 0.4 -44.8 0.3 7.5 1.2
J034159.07+255515.2 03 41 59.07 25 55 15.17 21.3 0.4 -44.5 0.3 7.5 1.2
J034159.66+244218.4 03 41 59.66 24 42 18.35 18.0 0.3 -41.3 0.2 6.9 1.1
J034159.74+262739.8 03 41 59.74 26 27 39.79 21.2 0.4 -48.7 0.3 8.1 1.3
J034200.02+250147.2 03 42 00.02 25 01 47.18 20.1 0.3 -44.5 0.2 7.5 1.2
J034200.37+241012.8 03 42 00.37 24 10 12.78 20.2 0.3 -44.3 0.2 7.5 1.2
J034201.68+222326.7 03 42 01.68 22 23 26.75 21.5 0.3 -46.4 0.2 7.9 1.3
J034202.87+241236.2 03 42 02.87 24 12 36.23 20.2 0.3 -45.5 0.2 7.6 1.2
J034202.93+235553.9 03 42 02.93 23 55 53.87 20.3 0.4 -44.2 0.3 7.5 1.2
J034203.42+252239.0 03 42 03.42 25 22 38.97 16.5 0.9 -42.3 0.8 6.9 1.1
J034203.54+251917.9 03 42 03.54 25 19 17.88 19.2 0.4 -47.0 0.3 7.8 1.2
J034204.72+255308.9 03 42 04.72 25 53 08.91 20.6 0.5 -50.3 0.4 8.3 1.3
J034204.87+253947.5 03 42 04.87 25 39 47.52 17.9 0.4 -43.5 0.3 7.2 1.2
J034205.75+230714.4 03 42 05.75 23 07 14.42 17.2 0.7 -41.6 0.7 6.9 1.1
J034208.29+253659.9 03 42 08.29 25 36 59.89 19.1 0.4 -44.9 0.3 7.5 1.2
J034210.61+221805.5 03 42 10.61 22 18 05.48 20.7 0.4 -47.3 0.3 8.0 1.3
J034210.92+240508.5 03 42 10.92 24 05 08.51 21.7 0.3 -44.7 0.2 7.6 1.2
J034210.99+254435.1 03 42 10.99 25 44 35.09 19.4 0.5 -45.0 0.4 7.5 1.2
J034212.62+264944.9 03 42 12.62 26 49 44.93 18.3 1.5 -41.8 1.5 7.0 1.2
J034213.49+241849.8 03 42 13.49 24 18 49.78 18.1 0.3 -44.6 0.2 7.4 1.2
J034213.90+202143.6 03 42 13.90 20 21 43.63 19.0 0.6 -50.8 0.5 8.4 1.3
J034215.36+231131.2 03 42 15.36 23 11 31.18 21.3 0.3 -45.5 0.3 7.7 1.2
J034217.90+240657.7 03 42 17.90 24 06 57.74 19.4 0.3 -44.0 0.2 7.4 1.2
J034218.02+245509.9 03 42 18.02 24 55 09.86 18.8 0.4 -45.9 0.3 7.6 1.2
J034222.25+243952.3 03 42 22.25 24 39 52.27 19.7 1.8 -45.6 1.8 7.6 1.2
J034224.00+212824.6 03 42 24.00 21 28 24.57 23.3 0.9 -48.4 0.9 8.3 1.3
J034224.93+274215.5 03 42 24.93 27 42 15.49 19.6 2.1 -38.7 2.1 6.6 1.1
J034226.27+235138.8 03 42 26.27 23 51 38.77 21.0 0.3 -43.9 0.2 7.5 1.2
J034226.30+241407.7 03 42 26.30 24 14 07.67 17.4 0.4 -44.4 0.3 7.3 1.2
J034226.30+225340.4 03 42 26.30 22 53 40.35 19.3 0.7 -46.1 0.7 7.7 1.2
J034227.31+223424.5 03 42 27.31 22 34 24.54 18.5 0.9 -42.7 0.9 7.2 1.2
J034227.85+203634.6 03 42 27.85 20 36 34.57 17.4 1.8 -39.5 1.8 6.7 1.1
J034229.71+204839.6 03 42 29.71 20 48 39.63 19.1 2.3 -45.3 2.3 7.6 1.3
J034229.87+200859.9 03 42 29.87 20 08 59.95 19.4 1.1 -46.8 1.1 7.9 1.3
J034230.58+250239.2 03 42 30.58 25 02 39.22 18.8 1.1 -46.6 1.0 7.7 1.2
J034231.20+244921.6 03 42 31.20 24 49 21.61 20.4 0.3 -47.1 0.2 7.9 1.2
J034233.10+214216.8 03 42 33.10 21 42 16.76 20.7 0.3 -45.8 0.2 7.8 1.2
J034233.97+241100.8 03 42 33.97 24 11 00.76 19.9 0.3 -42.3 0.2 7.2 1.2
J034234.02+232451.9 03 42 34.02 23 24 51.90 18.7 0.4 -44.6 0.3 7.4 1.2
J034235.64+215029.7 03 42 35.64 21 50 29.74 18.6 0.3 -47.0 0.2 7.8 1.2
J034236.26+232204.7 03 42 36.26 23 22 04.74 18.0 0.3 -43.0 0.2 7.2 1.2
J034236.94+251357.7 03 42 36.94 25 13 57.68 19.3 0.3 -46.6 0.2 7.7 1.2
J034238.35+252844.4 03 42 38.35 25 28 44.44 18.6 0.4 -42.1 0.3 7.0 1.1
J034240.22+235921.6 03 42 40.22 23 59 21.59 19.7 0.3 -45.9 0.2 7.7 1.2
J034241.17+240142.8 03 42 41.17 24 01 42.83 19.7 0.3 -43.2 0.2 7.3 1.2
J034241.85+240015.7 03 42 41.85 24 00 15.66 17.8 0.3 -45.8 0.2 7.5 1.2
J034242.11+251148.8 03 42 42.11 25 11 48.81 19.5 0.4 -48.7 0.3 8.0 1.3
J034242.84+251651.8 03 42 42.84 25 16 51.76 17.8 0.4 -45.4 0.3 7.4 1.2
J034243.81+253206.1 03 42 43.81 25 32 06.10 18.0 0.4 -43.1 0.3 7.1 1.2
J034244.36+215113.0 03 42 44.36 21 51 12.96 19.7 0.3 -45.0 0.2 7.6 1.2
J034244.36+230616.1 03 42 44.36 23 06 16.12 18.4 0.3 -47.8 0.2 7.9 1.3
J034244.46+235815.2 03 42 44.46 23 58 15.23 18.9 0.4 -45.5 0.3 7.6 1.2
J034244.46+235815.2 03 42 44.46 23 58 15.17 21.6 1.2 -41.7 1.2 7.2 1.2
J034245.65+234922.6 03 42 45.65 23 49 22.62 19.2 0.4 -44.8 0.4 7.5 1.2
J034248.17+240401.2 03 42 48.17 24 04 01.24 18.9 0.4 -42.0 0.3 7.1 1.2
J034248.91+233448.5 03 42 48.91 23 34 48.50 21.8 0.3 -46.4 0.2 7.9 1.3
J034251.67+230843.8 03 42 51.67 23 08 43.75 18.2 0.3 -43.7 0.2 7.3 1.2
J034253.33+233107.2 03 42 53.33 23 31 07.16 18.7 1.2 -45.8 1.2 7.6 1.2
J034254.00+260816.2 03 42 54.00 26 08 16.25 19.7 0.4 -46.4 0.3 7.7 1.2
J034255.11+242935.1 03 42 55.11 24 29 35.07 19.9 1.1 -43.2 1.1 7.3 1.2
J034256.24+222238.4 03 42 56.24 22 22 38.40 20.1 1.0 -45.9 1.0 7.7 1.2
J034256.54+225118.0 03 42 56.54 22 51 17.98 17.5 0.3 -42.3 0.2 7.0 1.1
J034256.54+240457.9 03 42 56.54 24 04 57.89 18.0 0.3 -47.6 0.2 7.8 1.2
J034256.56+241345.6 03 42 56.56 24 13 45.62 19.0 0.3 -46.8 0.2 7.7 1.2
J034257.18+270443.8 03 42 57.18 27 04 43.80 16.6 5.6 -40.1 5.7 6.6 1.4
J034257.79+194706.1 03 42 57.79 19 47 06.06 24.1 2.8 -47.3 2.7 8.2 1.4
J034258.59+201245.0 03 42 58.59 20 12 45.03 16.0 0.4 -39.2 0.4 6.6 1.1
J034259.22+225403.2 03 42 59.22 22 54 03.21 20.0 0.4 -45.1 0.3 7.6 1.2
J034259.92+224251.6 03 42 59.92 22 42 51.58 20.0 0.4 -42.8 0.4 7.3 1.2
J034300.17+244352.5 03 43 00.17 24 43 52.49 20.5 0.3 -47.9 0.2 8.0 1.3
J034301.26+241452.5 03 43 01.26 24 14 52.49 18.5 0.3 -45.3 0.2 7.5 1.2
J034301.40+232930.4 03 43 01.40 23 29 30.36 19.1 1.0 -45.4 1.0 7.6 1.2
J034303.82+235419.5 03 43 03.82 23 54 19.52 22.4 0.6 -42.9 0.5 7.4 1.2
J034304.20+224803.2 03 43 04.20 22 48 03.23 19.0 0.3 -46.6 0.2 7.7 1.2
J034304.36+252612.1 03 43 04.36 25 26 12.13 19.1 0.3 -40.2 0.2 6.8 1.1
J034305.02+254434.9 03 43 05.02 25 44 34.87 17.8 1.4 -48.9 1.4 7.9 1.3
J034305.54+244928.4 03 43 05.54 24 49 28.39 19.3 0.3 -46.5 0.2 7.7 1.2
J034305.74+210149.1 03 43 05.74 21 01 49.15 18.1 1.8 -45.9 1.8 7.6 1.3
J034306.50+221749.3 03 43 06.50 22 17 49.26 22.2 0.4 -44.3 0.3 7.6 1.2
J034307.58+253428.8 03 43 07.58 25 34 28.85 15.8 0.8 -42.6 0.7 6.9 1.1
J034309.75+244132.9 03 43 09.75 24 41 32.94 22.7 0.3 -46.8 0.2 8.0 1.3
J034311.64+240652.5 03 43 11.64 24 06 52.45 19.4 0.6 -44.7 0.5 7.5 1.2
J034311.76+253131.9 03 43 11.76 25 31 31.93 20.7 0.4 -50.1 0.3 8.3 1.3
J034313.07+243919.4 03 43 13.07 24 39 19.42 20.2 0.3 -44.2 0.2 7.5 1.2
J034313.46+241101.1 03 43 13.46 24 11 01.10 18.4 0.3 -44.2 0.2 7.3 1.2
J034316.10+242228.0 03 43 16.10 24 22 27.96 19.2 0.6 -43.2 0.5 7.2 1.2
J034316.60+235001.6 03 43 16.60 23 50 01.57 19.3 0.3 -45.3 0.2 7.6 1.2
J034319.01+224710.5 03 43 19.01 22 47 10.52 19.7 0.3 -45.9 0.2 7.7 1.2
J034320.57+242635.0 03 43 20.57 24 26 35.01 19.6 0.3 -44.6 0.2 7.5 1.2
J034321.11+241109.1 03 43 21.11 24 11 09.14 18.5 0.3 -44.0 0.2 7.3 1.2
J034322.56+230056.3 03 43 22.56 23 00 56.25 17.0 0.8 -46.0 0.8 7.5 1.2
J034324.98+235201.4 03 43 24.98 23 52 01.44 21.6 0.4 -43.5 0.3 7.4 1.2
J034325.16+225344.5 03 43 25.16 22 53 44.46 19.4 0.3 -45.6 0.2 7.6 1.2
J034326.21+260230.5 03 43 26.21 26 02 30.46 19.2 4.6 -41.7 4.6 7.0 1.3
J034326.45+224242.3 03 43 26.45 22 42 42.34 18.1 0.5 -39.4 0.4 6.7 1.1
J034326.97+242709.9 03 43 26.97 24 27 09.86 18.6 0.3 -43.6 0.2 7.3 1.2
J034327.38+223952.9 03 43 27.38 22 39 52.89 20.7 3.8 -46.1 3.8 7.8 1.4
J034327.44+223741.2 03 43 27.44 22 37 41.18 22.0 0.3 -48.9 0.2 8.3 1.3
J034327.88+250141.1 03 43 27.88 25 01 41.08 17.9 0.3 -45.3 0.3 7.5 1.2
J034328.05+262955.6 03 43 28.05 26 29 55.58 14.8 1.7 -39.9 1.7 6.5 1.1
J034328.20+245331.0 03 43 28.20 24 53 30.98 21.7 0.3 -45.4 0.2 7.7 1.2
J034328.73+240906.3 03 43 28.73 24 09 06.33 19.3 0.3 -45.1 0.2 7.5 1.2
J034329.89+243923.7 03 43 29.89 24 39 23.70 20.4 0.3 -48.9 0.2 8.1 1.3
J034331.86+213620.1 03 43 31.86 21 36 20.11 22.9 0.5 -48.6 0.4 8.3 1.3
J034334.14+253525.9 03 43 34.14 25 35 25.87 21.4 0.3 -45.3 0.2 7.6 1.2
J034334.19+250216.6 03 43 34.19 25 02 16.62 15.2 0.3 -40.1 0.3 6.6 1.1
J034334.48+255730.5 03 43 34.48 25 57 30.53 17.9 1.2 -45.8 1.2 7.5 1.2
J034336.58+231233.9 03 43 36.58 23 12 33.89 20.4 0.7 -44.4 0.7 7.5 1.2
J034336.67+254700.6 03 43 36.67 25 47 00.57 24.4 0.4 -47.4 0.3 8.1 1.3
J034337.11+233831.9 03 43 37.11 23 38 31.87 17.0 0.6 -43.3 0.6 7.2 1.2
J034337.31+252432.1 03 43 37.31 25 24 32.14 22.0 0.3 -47.5 0.2 8.0 1.3
J034337.56+263201.1 03 43 37.56 26 32 01.09 18.0 0.6 -39.6 0.5 6.6 1.1
J034339.04+234405.3 03 43 39.04 23 44 05.32 21.5 0.3 -46.1 0.2 7.8 1.2
J034339.72+234132.6 03 43 39.72 23 41 32.61 20.8 0.3 -46.8 0.2 7.9 1.3
J034340.30+243011.4 03 43 40.30 24 30 11.45 17.9 0.4 -41.5 0.3 6.9 1.1
J034341.53+233856.9 03 43 41.53 23 38 56.94 19.9 1.0 -44.1 1.0 7.4 1.2
J034342.89+255137.0 03 43 42.89 25 51 37.01 19.7 0.3 -48.2 0.2 8.0 1.3
J034343.15+243256.1 03 43 43.15 24 32 56.09 17.5 0.3 -41.7 0.3 6.9 1.1
J034343.24+242228.5 03 43 43.24 24 22 28.49 18.0 1.0 -43.9 0.9 7.3 1.2
J034343.52+241250.1 03 43 43.52 24 12 50.13 20.5 0.3 -44.0 0.2 7.4 1.2
J034343.71+242915.8 03 43 43.71 24 29 15.78 18.2 0.3 -45.1 0.2 7.5 1.2
J034344.08+253949.6 03 43 44.08 25 39 49.57 19.6 0.3 -44.8 0.2 7.5 1.2
J034344.97+230321.1 03 43 44.97 23 03 21.08 19.3 0.3 -44.4 0.2 7.5 1.2
J034346.28+235837.9 03 43 46.28 23 58 37.88 22.1 0.7 -46.1 0.7 7.8 1.3
J034347.09+260435.2 03 43 47.09 26 04 35.19 17.2 0.8 -45.4 0.8 7.4 1.2
J034348.34+250015.7 03 43 48.34 25 00 15.74 19.9 0.1 -45.4 0.2 7.6 1.2
J034348.45+250236.6 03 43 48.45 25 02 36.56 17.6 0.9 -43.2 0.9 7.1 1.2
J034350.15+241229.7 03 43 50.15 24 12 29.71 20.2 1.2 -41.8 1.2 7.1 1.2
J034351.75+241416.0 03 43 51.75 24 14 16.00 17.4 0.3 -43.1 0.2 7.1 1.2
J034352.16+245029.4 03 43 52.16 24 50 29.42 20.5 0.8 -44.6 0.7 7.5 1.2
J034352.77+241848.5 03 43 52.77 24 18 48.46 17.5 0.4 -43.4 0.3 7.2 1.2
J034352.78+252930.5 03 43 52.78 25 29 30.55 20.5 0.3 -46.2 0.2 7.7 1.2
J034353.87+252830.3 03 43 53.87 25 28 30.30 19.3 0.3 -46.1 0.2 7.6 1.2
J034353.87+252830.0 03 43 53.87 25 28 30.05 23.3 0.8 -45.7 0.8 7.8 1.3
J034356.00+253625.3 03 43 56.00 25 36 25.30 19.8 0.4 -45.9 0.4 7.6 1.2
J034357.00+235705.8 03 43 57.00 23 57 05.82 20.9 0.3 -49.6 0.2 8.3 1.3
J034357.28+241320.4 03 43 57.28 24 13 20.36 19.3 0.3 -43.7 0.2 7.3 1.2
J034402.28+250353.5 03 44 02.28 25 03 53.52 21.3 0.4 -45.2 0.3 7.6 1.2
J034402.50+211316.0 03 44 02.50 21 13 15.96 19.9 0.4 -41.8 0.3 7.2 1.2
J034404.92+265810.5 03 44 04.92 26 58 10.46 19.4 2.1 -43.0 2.2 7.2 1.2
J034405.26+225013.5 03 44 05.26 22 50 13.49 17.9 1.2 -46.7 1.1 7.7 1.2
J034408.81+230447.3 03 44 08.81 23 04 47.31 20.4 0.4 -44.1 0.3 7.5 1.2
J034409.32+230846.8 03 44 09.32 23 08 46.84 20.0 0.3 -43.5 0.2 7.4 1.2
J034409.61+243522.1 03 44 09.61 24 35 22.11 21.1 0.4 -44.5 0.3 7.5 1.2
J034409.92+241603.9 03 44 09.92 24 16 03.86 19.5 0.3 -41.7 0.2 7.1 1.2
J034410.76+253738.1 03 44 10.76 25 37 38.08 18.1 0.4 -45.8 0.3 7.5 1.2
J034410.96+244845.6 03 44 10.96 24 48 45.63 16.0 0.8 -43.8 0.7 7.1 1.2
J034411.28+245234.1 03 44 11.28 24 52 34.10 18.9 0.8 -45.3 0.8 7.5 1.2
J034411.92+191819.0 03 44 11.92 19 18 18.96 18.1 3.4 -37.7 3.1 6.5 1.2
J034412.75+240154.1 03 44 12.75 24 01 54.08 18.5 1.0 -46.9 1.0 7.7 1.2
J034414.65+234940.1 03 44 14.65 23 49 40.08 19.8 0.4 -39.6 0.3 6.8 1.1
J034416.46+233704.0 03 44 16.46 23 37 03.99 21.2 0.3 -47.1 0.2 7.9 1.3
J034417.75+242646.8 03 44 17.75 24 26 46.84 19.6 0.3 -41.9 0.2 7.1 1.2
J034418.35+231522.2 03 44 18.35 23 15 22.18 18.0 0.6 -45.5 0.6 7.5 1.2
J034419.07+243518.1 03 44 19.07 24 35 18.13 20.3 0.4 -45.1 0.3 7.6 1.2
J034420.66+241510.8 03 44 20.66 24 15 10.77 17.8 0.3 -43.2 0.2 7.2 1.2
J034421.92+244605.9 03 44 21.92 24 46 05.86 18.6 0.7 -48.0 0.7 7.9 1.3
J034422.15+231054.6 03 44 22.15 23 10 54.60 16.1 0.6 -43.1 0.6 7.1 1.2
J034422.45+233901.2 03 44 22.45 23 39 01.21 18.3 0.8 -47.5 0.8 7.8 1.2
J034423.07+240405.5 03 44 23.07 24 04 05.49 18.0 0.5 -45.3 0.5 7.5 1.2
J034423.23+253845.1 03 44 23.23 25 38 45.13 21.0 0.4 -50.1 0.3 8.3 1.3
J034423.40+252129.9 03 44 23.40 25 21 29.89 20.8 0.3 -45.0 0.2 7.6 1.2
J034424.82+244605.9 03 44 24.82 24 46 05.90 18.0 0.7 -45.6 0.7 7.5 1.2
J034425.07+253404.1 03 44 25.07 25 34 04.14 19.9 0.3 -47.4 0.2 7.9 1.3
J034425.51+222749.8 03 44 25.51 22 27 49.81 18.1 0.3 -44.5 0.2 7.4 1.2
J034425.59+224008.0 03 44 25.59 22 40 07.96 18.3 0.3 -43.8 0.2 7.3 1.2
J034425.60+244052.5 03 44 25.60 24 40 52.54 20.3 0.4 -47.0 0.3 7.8 1.2
J034425.72+242341.0 03 44 25.72 24 23 40.99 22.7 1.1 -48.7 1.0 8.2 1.3
J034426.54+242911.2 03 44 26.54 24 29 11.25 20.9 0.4 -41.7 0.3 7.1 1.2
J034426.89+242431.5 03 44 26.89 24 24 31.46 19.5 0.5 -43.1 0.4 7.3 1.2
J034427.28+254441.9 03 44 27.28 25 44 41.92 15.5 1.4 -43.0 1.4 7.0 1.2
J034427.50+241416.9 03 44 27.50 24 14 16.87 19.8 0.5 -46.2 0.4 7.7 1.2
J034427.91+235959.6 03 44 27.91 23 59 59.56 18.6 0.6 -44.1 0.5 7.4 1.2
J034429.49+222524.8 03 44 29.49 22 25 24.76 18.1 0.3 -48.1 0.2 7.9 1.3
J034430.08+253546.7 03 44 30.08 25 35 46.74 19.3 0.6 -42.7 0.5 7.2 1.2
J034431.27+253514.9 03 44 31.27 25 35 14.88 16.9 0.8 -44.9 0.7 7.3 1.2
J034431.72+233526.0 03 44 31.72 23 35 25.98 20.7 0.3 -44.5 0.2 7.5 1.2
J034431.96+235231.1 03 44 31.96 23 52 31.11 18.8 1.2 -43.4 1.1 7.3 1.2
J034432.16+250812.5 03 44 32.16 25 08 12.54 20.7 0.3 -47.1 0.2 7.9 1.3
J034432.32+252518.1 03 44 32.32 25 25 18.08 20.4 0.3 -46.0 0.2 7.7 1.2
J034433.07+254509.7 03 44 33.07 25 45 09.66 21.5 0.4 -43.5 0.3 7.4 1.2
J034433.50+261453.0 03 44 33.50 26 14 52.98 16.8 1.0 -43.1 1.0 7.1 1.2
J034434.30+235124.5 03 44 34.30 23 51 24.45 20.1 0.5 -43.7 0.5 7.4 1.2
J034435.16+251342.9 03 44 35.16 25 13 42.89 18.3 0.3 -46.3 0.2 7.6 1.2
J034435.90+233441.8 03 44 35.90 23 34 41.82 17.8 0.4 -42.3 0.3 7.1 1.2
J034436.29+233011.0 03 44 36.29 23 30 10.97 19.1 0.3 -44.0 0.2 7.4 1.2
J034437.44+250815.6 03 44 37.44 25 08 15.60 18.2 1.0 -47.8 1.0 7.8 1.3
J034437.78+225515.5 03 44 37.78 22 55 15.45 21.0 0.5 -43.4 0.5 7.4 1.2
J034438.95+230225.2 03 44 38.95 23 02 25.15 22.4 0.5 -44.9 0.5 7.7 1.2
J034439.62+243143.9 03 44 39.62 24 31 43.88 20.0 0.5 -45.8 0.4 7.7 1.2
J034439.83+205442.2 03 44 39.83 20 54 42.20 15.8 1.4 -39.8 1.3 6.6 1.1
J034444.86+204452.8 03 44 44.86 20 44 52.82 19.6 1.1 -43.5 1.0 7.4 1.2
J034447.31+195541.4 03 44 47.31 19 55 41.41 19.8 2.6 -38.3 2.5 6.7 1.2
J034447.58+263602.7 03 44 47.58 26 36 02.73 18.2 0.6 -39.0 0.6 6.6 1.1
J034447.85+241252.4 03 44 47.85 24 12 52.41 18.4 0.5 -41.9 0.5 7.0 1.1
J034448.21+241722.1 03 44 48.21 24 17 22.08 18.9 0.7 -44.9 0.7 7.5 1.2
J034451.26+233420.7 03 44 51.26 23 34 20.66 19.6 0.3 -44.0 0.2 7.4 1.2
J034452.42+243649.3 03 44 52.42 24 36 49.32 16.0 0.7 -44.9 0.6 7.3 1.2
J034452.86+213416.3 03 44 52.86 21 34 16.32 22.7 0.5 -48.2 0.4 8.2 1.3
J034453.12+233422.8 03 44 53.12 23 34 22.82 19.0 0.4 -42.8 0.3 7.2 1.2
J034454.10+242646.6 03 44 54.10 24 26 46.60 18.7 0.5 -43.2 0.4 7.2 1.2
J034456.01+235553.3 03 44 56.01 23 55 53.34 23.6 0.4 -45.6 0.3 7.9 1.3
J034456.69+233623.7 03 44 56.69 23 36 23.67 19.4 0.3 -45.0 0.2 7.5 1.2
J034457.35+235932.2 03 44 57.35 23 59 32.24 17.6 0.8 -42.9 0.7 7.1 1.2
J034458.02+232431.1 03 44 58.02 23 24 31.06 16.8 0.3 -44.8 0.2 7.3 1.2
J034458.60+235540.7 03 44 58.60 23 55 40.74 21.0 0.5 -44.3 0.4 7.5 1.2
J034459.47+232118.2 03 44 59.47 23 21 18.22 21.2 0.3 -50.5 0.2 8.4 1.3
J034501.21+252105.8 03 45 01.21 25 21 05.80 19.8 0.3 -46.9 0.2 7.8 1.2
J034505.00+234606.4 03 45 05.00 23 46 06.41 19.8 0.3 -45.8 0.2 7.7 1.2
J034505.31+252911.1 03 45 05.31 25 29 11.11 21.4 0.3 -46.9 0.2 7.9 1.3
J034506.56+244042.6 03 45 06.56 24 40 42.60 14.8 0.7 -41.4 0.7 6.7 1.1
J034506.78+233651.6 03 45 06.78 23 36 51.56 17.7 0.3 -44.2 0.2 7.3 1.2
J034508.40+232500.9 03 45 08.40 23 25 00.92 18.8 0.3 -45.6 0.2 7.6 1.2
J034508.68+223830.5 03 45 08.68 22 38 30.47 22.0 0.3 -47.3 0.2 8.0 1.3
J034509.03+253249.1 03 45 09.03 25 32 49.09 20.5 0.3 -45.2 0.2 7.6 1.2
J034509.46+235844.7 03 45 09.46 23 58 44.75 18.5 0.4 -43.6 0.4 7.3 1.2
J034509.82+240432.6 03 45 09.82 24 04 32.62 17.5 0.6 -43.8 0.5 7.2 1.2
J034510.81+230258.1 03 45 10.81 23 02 58.09 19.7 0.3 -46.4 0.2 7.8 1.2
J034511.72+234143.6 03 45 11.72 23 41 43.58 21.0 1.4 -45.7 1.4 7.7 1.3
J034512.08+243018.0 03 45 12.08 24 30 18.03 18.4 0.8 -46.5 0.8 7.7 1.2
J034512.14+232153.0 03 45 12.14 23 21 53.04 19.0 0.3 -45.0 0.2 7.5 1.2
J034512.43+224150.8 03 45 12.43 22 41 50.85 19.7 0.3 -47.1 0.2 7.9 1.3
J034512.49+242802.2 03 45 12.49 24 28 02.17 20.1 0.8 -44.8 0.8 7.5 1.2
J034512.62+235345.1 03 45 12.62 23 53 45.10 19.4 0.3 -44.3 0.2 7.4 1.2
J034513.15+241523.5 03 45 13.15 24 15 23.48 20.2 0.5 -46.0 0.4 7.7 1.2
J034513.54+250515.6 03 45 13.54 25 05 15.58 20.0 0.7 -47.2 0.7 7.8 1.3
J034514.22+250519.4 03 45 14.22 25 05 19.40 17.9 0.7 -41.4 0.7 6.9 1.1
J034515.27+284908.2 03 45 15.27 28 49 08.19 23.6 3.2 -47.5 3.2 8.1 1.4
J034516.41+233401.7 03 45 16.41 23 34 01.74 18.3 0.3 -43.1 0.2 7.2 1.2
J034516.66+243432.1 03 45 16.66 24 34 32.07 21.3 1.2 -45.5 1.1 7.7 1.2
J034518.15+250558.1 03 45 18.15 25 05 58.15 18.8 0.4 -46.8 0.3 7.7 1.2
J034519.97+242824.3 03 45 19.97 24 28 24.34 19.8 0.8 -44.9 0.8 7.5 1.2
J034521.19+234338.8 03 45 21.19 23 43 38.76 19.5 0.1 -44.4 0.3 7.4 1.2
J034521.68+243237.0 03 45 21.68 24 32 37.00 17.6 0.5 -43.0 0.4 7.1 1.2
J034524.70+243846.3 03 45 24.70 24 38 46.29 17.1 0.7 -42.7 0.7 7.0 1.2
J034524.79+242045.1 03 45 24.79 24 20 45.14 18.6 0.5 -42.0 0.4 7.1 1.2
J034526.55+223132.0 03 45 26.55 22 31 32.02 19.5 0.3 -45.3 0.2 7.6 1.2
J034527.51+233756.9 03 45 27.51 23 37 56.87 20.4 0.4 -44.2 0.3 7.5 1.2
J034531.99+211448.1 03 45 31.99 21 14 48.08 19.3 0.9 -48.0 0.8 8.0 1.3
J034532.95+241811.3 03 45 32.95 24 18 11.33 18.3 0.5 -43.6 0.5 7.2 1.2
J034533.30+233434.2 03 45 33.30 23 34 34.24 18.8 1.7 -39.8 1.6 6.8 1.1
J034533.98+231106.6 03 45 33.98 23 11 06.58 18.8 0.3 -43.9 0.2 7.4 1.2
J034535.70+242434.1 03 45 35.70 24 24 34.08 18.2 0.7 -42.3 0.6 7.1 1.2
J034536.73+243906.4 03 45 36.73 24 39 06.39 17.4 0.5 -43.1 0.4 7.1 1.2
J034537.75+234350.2 03 45 37.75 23 43 50.21 22.6 0.3 -45.3 0.3 7.8 1.2
J034537.79+242008.2 03 45 37.79 24 20 08.20 18.7 1.0 -45.9 0.9 7.6 1.2
J034538.99+235700.9 03 45 38.99 23 57 00.89 20.0 0.4 -43.1 0.3 7.3 1.2
J034539.29+240820.4 03 45 39.29 24 08 20.36 18.2 0.4 -45.2 0.3 7.5 1.2
J034539.90+224140.1 03 45 39.90 22 41 40.06 20.2 0.8 -43.8 0.8 7.4 1.2
J034540.77+283205.7 03 45 40.77 28 32 05.73 20.6 2.1 -42.6 2.1 7.2 1.2
J034541.27+235409.8 03 45 41.27 23 54 09.82 18.3 0.4 -43.8 0.3 7.3 1.2
J034541.68+254112.4 03 45 41.68 25 41 12.38 20.6 0.3 -45.9 0.2 7.7 1.2
J034541.87+242553.2 03 45 41.87 24 25 53.19 22.6 0.8 -48.7 0.8 8.2 1.3
J034542.32+240411.2 03 45 42.32 24 04 11.20 18.2 0.3 -41.6 0.2 7.0 1.1
J034542.87+232012.2 03 45 42.87 23 20 12.25 18.5 0.3 -44.3 0.2 7.4 1.2
J034543.18+260226.4 03 45 43.18 26 02 26.44 17.0 0.8 -42.9 0.8 7.0 1.2
J034544.42+241312.8 03 45 44.42 24 13 12.80 17.9 0.7 -49.8 0.6 8.1 1.3
J034546.48+234743.0 03 45 46.48 23 47 43.05 18.5 0.4 -42.8 0.3 7.2 1.2
J034546.90+235300.3 03 45 46.90 23 53 00.33 19.3 0.4 -45.5 0.3 7.6 1.2
J034546.93+214449.2 03 45 46.93 21 44 49.22 21.4 0.4 -49.8 0.3 8.4 1.3
J034548.82+230849.7 03 45 48.82 23 08 49.71 22.2 1.1 -47.5 1.0 8.1 1.3
J034549.37+242507.1 03 45 49.37 24 25 07.05 20.1 0.6 -40.6 0.5 6.9 1.1
J034549.37+230834.7 03 45 49.37 23 08 34.74 21.2 1.6 -42.9 1.6 7.4 1.2
J034549.42+235705.7 03 45 49.42 23 57 05.74 20.3 0.6 -43.9 0.6 7.4 1.2
J034549.61+242203.9 03 45 49.61 24 22 03.90 21.5 0.8 -43.9 0.8 7.5 1.2
J034549.94+231944.8 03 45 49.94 23 19 44.79 15.9 0.3 -44.9 0.2 7.3 1.2
J034550.62+234436.9 03 45 50.62 23 44 36.89 21.9 0.5 -46.4 0.5 7.9 1.3
J034550.66+240903.4 03 45 50.66 24 09 03.40 18.1 0.5 -42.8 0.5 7.1 1.2
J034551.03+233717.0 03 45 51.03 23 37 17.00 20.0 1.3 -44.6 1.3 7.5 1.2
J034551.10+242610.9 03 45 51.10 24 26 10.86 18.5 0.5 -44.4 0.5 7.4 1.2
J034551.95+251001.7 03 45 51.95 25 10 01.66 18.9 0.3 -45.7 0.2 7.6 1.2
J034552.75+232754.1 03 45 52.75 23 27 54.12 18.4 0.3 -45.1 0.2 7.5 1.2
J034553.78+242808.5 03 45 53.78 24 28 08.48 23.6 0.5 -47.5 0.4 8.1 1.3
J034554.48+243316.2 03 45 54.48 24 33 16.24 19.9 0.8 -45.5 0.8 7.6 1.2
J034554.96+233358.0 03 45 54.96 23 33 58.03 18.0 0.3 -45.7 0.2 7.6 1.2
J034555.00+241325.8 03 45 55.00 24 13 25.84 20.3 0.5 -42.6 0.4 7.2 1.2
J034555.17+225131.1 03 45 55.17 22 51 31.05 18.5 0.3 -47.6 0.2 7.9 1.3
J034555.73+274900.8 03 45 55.73 27 49 00.79 15.1 1.9 -43.1 1.9 6.9 1.2
J034556.97+230129.1 03 45 56.97 23 01 29.08 21.6 0.3 -46.8 0.2 7.9 1.3
J034557.09+242100.8 03 45 57.09 24 21 00.78 15.2 0.9 -42.0 0.9 6.8 1.1
J034557.70+240305.0 03 45 57.70 24 03 05.04 17.9 0.3 -41.6 0.2 7.0 1.1
J034557.91+240840.9 03 45 57.91 24 08 40.86 19.0 0.4 -43.2 0.3 7.2 1.2
J034558.80+262001.9 03 45 58.80 26 20 01.91 18.4 0.4 -44.0 0.3 7.3 1.2
J034559.14+252354.9 03 45 59.14 25 23 54.91 20.3 1.1 -45.8 1.0 7.7 1.2
J034559.20+234846.9 03 45 59.20 23 48 46.93 19.9 0.3 -45.3 0.2 7.6 1.2
J034600.92+221229.5 03 46 00.92 22 12 29.54 20.9 0.3 -50.5 0.2 8.4 1.3
J034602.77+234414.3 03 46 02.77 23 44 14.33 19.1 0.5 -44.1 0.4 7.4 1.2
J034602.90+243140.4 03 46 02.90 24 31 40.44 18.6 0.9 -43.5 0.9 7.3 1.2
J034602.97+244055.5 03 46 02.97 24 40 55.52 16.9 0.7 -40.5 0.6 6.7 1.1
J034603.46+242056.9 03 46 03.46 24 20 56.85 18.7 0.5 -40.8 0.5 6.9 1.1
J034603.66+255229.0 03 46 03.66 25 52 29.02 20.4 0.3 -49.8 0.2 8.2 1.3
J034603.82+252710.6 03 46 03.82 25 27 10.59 21.7 0.4 -45.3 0.3 7.7 1.2
J034604.30+235540.7 03 46 04.30 23 55 40.70 16.3 0.4 -41.3 0.4 6.8 1.1
J034604.57+240955.7 03 46 04.57 24 09 55.73 17.8 0.5 -42.1 0.4 7.0 1.1
J034605.10+234535.0 03 46 05.10 23 45 34.97 19.4 0.3 -42.4 0.2 7.2 1.2
J034605.25+225853.6 03 46 05.25 22 58 53.56 18.5 0.7 -50.6 0.7 8.3 1.3
J034606.05+235819.3 03 46 06.05 23 58 19.29 20.1 0.3 -43.3 0.2 7.3 1.2
J034606.51+243402.4 03 46 06.51 24 34 02.42 19.4 0.6 -47.9 0.5 7.9 1.3
J034606.91+243345.8 03 46 06.91 24 33 45.80 19.6 0.7 -46.7 0.6 7.8 1.2
J034607.79+212043.0 03 46 07.79 21 20 42.99 19.4 0.4 -42.9 0.3 7.3 1.2
J034608.37+232050.7 03 46 08.37 23 20 50.68 19.8 1.2 -43.8 1.2 7.4 1.2
J034608.71+244032.9 03 46 08.71 24 40 32.94 19.6 0.6 -41.5 0.6 7.0 1.2
J034609.59+224237.3 03 46 09.59 22 42 37.33 18.0 0.3 -43.2 0.2 7.2 1.2
J034610.09+260009.3 03 46 10.09 26 00 09.30 19.4 0.3 -45.0 0.2 7.5 1.2
J034612.66+233513.9 03 46 12.66 23 35 13.88 21.0 0.3 -44.0 0.2 7.5 1.2
J034613.01+270211.7 03 46 13.01 27 02 11.68 17.8 1.7 -45.9 1.7 7.5 1.2
J034613.85+224219.7 03 46 13.85 22 42 19.71 18.3 0.3 -45.3 0.2 7.5 1.2
J034614.06+232156.5 03 46 14.06 23 21 56.46 18.6 0.4 -44.1 0.3 7.4 1.2
J034615.11+264648.9 03 46 15.11 26 46 48.91 19.9 0.6 -46.1 0.6 7.7 1.2
J034616.08+214109.9 03 46 16.08 21 41 09.89 19.1 0.4 -41.9 0.3 7.1 1.2
J034618.55+235902.5 03 46 18.55 23 59 02.50 18.0 0.4 -41.5 0.3 7.0 1.1
J034619.41+230055.6 03 46 19.41 23 00 55.57 15.2 0.4 -41.1 0.3 6.7 1.1
J034619.43+260235.6 03 46 19.43 26 02 35.58 18.3 0.4 -47.4 0.3 7.8 1.2
J034619.57+235654.1 03 46 19.57 23 56 54.05 18.9 0.8 -46.7 0.8 7.7 1.2
J034619.86+245901.4 03 46 19.86 24 59 01.37 19.2 0.3 -48.7 0.2 8.0 1.3
J034621.36+243352.2 03 46 21.36 24 33 52.18 20.4 0.5 -43.2 0.4 7.3 1.2
J034621.40+230508.9 03 46 21.40 23 05 08.87 15.2 0.4 -42.9 0.4 7.0 1.1
J034621.63+230400.8 03 46 21.63 23 04 00.81 16.0 0.4 -43.4 0.3 7.1 1.2
J034622.25+235226.6 03 46 22.25 23 52 26.61 19.4 0.4 -40.6 0.3 6.9 1.1
J034622.32+210520.0 03 46 22.32 21 05 20.00 19.9 1.4 -43.0 1.4 7.3 1.2
J034622.46+232908.1 03 46 22.46 23 29 08.10 19.1 0.3 -44.4 0.2 7.4 1.2
J034623.03+243617.8 03 46 23.03 24 36 17.84 21.3 0.5 -43.0 0.4 7.3 1.2
J034623.12+242036.0 03 46 23.12 24 20 36.01 16.8 0.8 -44.2 0.8 7.3 1.2
J034623.47+240151.3 03 46 23.47 24 01 51.25 17.4 0.3 -42.1 0.2 7.0 1.1
J034623.73+225016.4 03 46 23.73 22 50 16.38 18.4 0.4 -44.6 0.3 7.4 1.2
J034623.73+263423.2 03 46 23.73 26 34 23.23 21.4 0.4 -46.8 0.4 7.9 1.2
J034624.14+242140.1 03 46 24.14 24 21 40.11 18.4 0.5 -43.4 0.5 7.2 1.2
J034624.64+242846.2 03 46 24.64 24 28 46.22 21.9 0.5 -43.8 0.5 7.5 1.2
J034625.17+212617.5 03 46 25.17 21 26 17.53 17.8 0.5 -43.3 0.4 7.2 1.2
J034625.39+240936.1 03 46 25.39 24 09 36.10 20.0 0.5 -41.0 0.4 7.0 1.1
J034626.09+240509.5 03 46 26.09 24 05 09.50 18.2 0.3 -42.5 0.2 7.1 1.2
J034627.10+214822.4 03 46 27.10 21 48 22.44 22.3 1.6 -49.3 1.6 8.4 1.3
J034627.28+241518.0 03 46 27.28 24 15 17.98 22.0 0.9 -45.0 0.9 7.7 1.2
J034627.78+233533.7 03 46 27.78 23 35 33.69 18.9 0.3 -46.3 0.2 7.7 1.2
J034629.73+210216.7 03 46 29.73 21 02 16.73 20.8 1.4 -49.4 1.4 8.3 1.3
J034631.02+230134.6 03 46 31.02 23 01 34.64 14.9 0.5 -42.1 0.4 6.9 1.1
J034631.19+240702.2 03 46 31.19 24 07 02.17 20.5 0.5 -43.1 0.4 7.3 1.2
J034631.32+221819.7 03 46 31.32 22 18 19.69 20.6 0.3 -44.7 0.2 7.6 1.2
J034632.03+242834.2 03 46 32.03 24 28 34.24 18.6 0.7 -43.1 0.7 7.2 1.2
J034632.32+255125.6 03 46 32.32 25 51 25.63 19.9 0.7 -44.5 0.6 7.5 1.2
J034634.20+233726.5 03 46 34.20 23 37 26.48 16.8 1.0 -43.9 1.0 7.2 1.2
J034634.25+235003.6 03 46 34.25 23 50 03.58 22.0 1.2 -44.6 1.2 7.6 1.2
J034634.99+233114.3 03 46 34.99 23 31 14.30 19.7 0.5 -44.3 0.4 7.5 1.2
J034635.35+235707.4 03 46 35.35 23 57 07.45 18.6 0.4 -43.8 0.3 7.3 1.2
J034635.53+240135.4 03 46 35.53 24 01 35.41 18.6 0.3 -45.4 0.2 7.5 1.2
J034636.07+230417.1 03 46 36.07 23 04 17.13 18.2 0.4 -45.6 0.3 7.6 1.2
J034638.90+243112.8 03 46 38.90 24 31 12.82 19.9 0.5 -46.2 0.4 7.7 1.2
J034640.02+234658.4 03 46 40.02 23 46 58.45 18.1 0.5 -44.6 0.4 7.4 1.2
J034640.25+232951.7 03 46 40.25 23 29 51.75 17.2 0.1 -47.4 0.2 7.7 1.2
J034640.27+254353.4 03 46 40.27 25 43 53.40 20.3 0.4 -45.0 0.3 7.5 1.2
J034640.41+225039.6 03 46 40.41 22 50 39.60 19.7 0.3 -46.2 0.2 7.7 1.2
J034640.59+222203.7 03 46 40.59 22 22 03.68 17.8 0.3 -41.5 0.2 7.0 1.1
J034642.99+242450.6 03 46 42.99 24 24 50.56 16.0 0.7 -42.2 0.6 6.9 1.1
J034643.18+233722.0 03 46 43.18 23 37 22.03 18.9 0.3 -43.4 0.2 7.3 1.2
J034644.79+244458.1 03 46 44.79 24 44 58.14 16.9 0.8 -42.7 0.7 7.0 1.2
J034645.78+252730.3 03 46 45.78 25 27 30.26 17.9 0.4 -46.7 0.3 7.7 1.2
J034647.19+252053.2 03 46 47.19 25 20 53.22 19.5 0.4 -46.1 0.3 7.7 1.2
J034648.56+230957.5 03 46 48.56 23 09 57.47 18.5 0.5 -44.8 0.4 7.5 1.2
J034650.02+240023.7 03 46 50.02 24 00 23.66 17.8 0.4 -38.8 0.3 6.6 1.1
J034650.10+233155.9 03 46 50.10 23 31 55.91 20.8 0.4 -43.7 0.4 7.4 1.2
J034650.19+221242.4 03 46 50.19 22 12 42.44 20.4 0.3 -42.7 0.2 7.3 1.2
J034651.44+240616.0 03 46 51.44 24 06 16.02 20.0 0.5 -43.4 0.4 7.3 1.2
J034651.57+213110.6 03 46 51.57 21 31 10.60 20.4 0.4 -47.1 0.3 8.0 1.3
J034652.97+241507.7 03 46 52.97 24 15 07.67 18.7 0.5 -43.1 0.4 7.2 1.2
J034653.61+241714.7 03 46 53.61 24 17 14.72 19.0 0.4 -46.5 0.4 7.7 1.2
J034653.97+240757.0 03 46 53.97 24 07 56.96 19.1 0.4 -44.1 0.4 7.4 1.2
J034654.39+224511.9 03 46 54.39 22 45 11.88 19.1 0.6 -45.7 0.5 7.6 1.2
J034654.88+242759.7 03 46 54.88 24 27 59.65 19.7 0.5 -44.9 0.4 7.5 1.2
J034655.31+232249.3 03 46 55.31 23 22 49.34 18.6 0.3 -45.5 0.2 7.6 1.2
J034655.32+241116.5 03 46 55.32 24 11 16.51 20.3 0.4 -43.6 0.4 7.4 1.2
J034655.35+255129.5 03 46 55.35 25 51 29.49 18.0 0.3 -38.5 0.2 6.5 1.1
J034655.78+235624.2 03 46 55.78 23 56 24.15 20.9 0.3 -45.7 0.2 7.7 1.2
J034657.10+231502.3 03 46 57.10 23 15 02.30 19.5 0.3 -45.6 0.2 7.6 1.2
J034658.17+233338.9 03 46 58.17 23 33 38.90 19.9 0.3 -44.7 0.2 7.5 1.2
J034658.26+240141.4 03 46 58.26 24 01 41.37 17.6 0.3 -41.5 0.2 6.9 1.1
J034658.54+242739.7 03 46 58.54 24 27 39.74 19.9 0.4 -45.5 0.4 7.6 1.2
J034659.32+240142.8 03 46 59.32 24 01 42.81 17.7 0.3 -42.8 0.2 7.1 1.2
J034659.40+243112.4 03 46 59.40 24 31 12.43 20.5 1.0 -46.6 1.0 7.8 1.3
J034700.29+242824.6 03 47 00.29 24 28 24.56 18.3 0.5 -41.8 0.4 7.0 1.1
J034701.85+241328.0 03 47 01.85 24 13 28.00 17.3 0.5 -42.5 0.4 7.0 1.2
J034702.35+233236.0 03 47 02.35 23 32 35.96 18.5 0.3 -44.3 0.2 7.4 1.2
J034703.59+240934.6 03 47 03.59 24 09 34.60 20.0 0.4 -45.2 0.4 7.6 1.2
J034703.78+233658.6 03 47 03.78 23 36 58.65 21.6 0.3 -43.6 0.2 7.5 1.2
J034704.05+215816.5 03 47 04.05 21 58 16.49 20.4 0.4 -47.1 0.3 7.9 1.3
J034704.21+235942.8 03 47 04.21 23 59 42.79 19.3 1.1 -44.4 1.0 7.4 1.2
J034704.76+252249.8 03 47 04.76 25 22 49.84 21.9 0.5 -47.7 0.5 8.0 1.3
J034705.46+234021.3 03 47 05.46 23 40 21.27 19.8 3.1 -44.5 3.1 7.5 1.3
J034705.68+200037.0 03 47 05.68 20 00 37.01 16.9 2.4 -44.7 2.4 7.4 1.3
J034705.79+234534.8 03 47 05.79 23 45 34.81 19.7 0.3 -43.5 0.2 7.3 1.2
J034706.10+234520.2 03 47 06.10 23 45 20.22 18.4 0.3 -42.7 0.2 7.1 1.2
J034707.35+231334.8 03 47 07.35 23 13 34.76 19.7 0.3 -46.1 0.3 7.7 1.2
J034707.88+242337.7 03 47 07.88 24 23 37.66 16.0 0.4 -44.2 0.3 7.2 1.2
J034708.15+241824.3 03 47 08.15 24 18 24.35 21.2 0.4 -47.1 0.3 7.9 1.3
J034708.55+234238.5 03 47 08.55 23 42 38.54 15.7 0.4 -44.5 0.3 7.2 1.2
J034709.19+240307.6 03 47 09.19 24 03 07.58 17.0 0.4 -45.0 0.3 7.4 1.2
J034709.42+241534.6 03 47 09.42 24 15 34.61 17.2 0.5 -42.6 0.4 7.1 1.2
J034709.52+232556.4 03 47 09.52 23 25 56.35 20.1 0.3 -41.3 0.2 7.1 1.2
J034710.65+235816.4 03 47 10.65 23 58 16.37 19.4 0.3 -43.2 0.2 7.3 1.2
J034711.03+241351.4 03 47 11.03 24 13 51.35 17.5 0.4 -42.6 0.4 7.1 1.2
J034711.79+241331.1 03 47 11.79 24 13 31.14 15.6 0.5 -40.8 0.5 6.7 1.1
J034711.87+241353.6 03 47 11.87 24 13 53.61 17.0 0.4 -39.9 0.4 6.7 1.1
J034713.17+240045.2 03 47 13.17 24 00 45.24 20.0 0.3 -41.4 0.2 7.1 1.2
J034713.67+234953.3 03 47 13.67 23 49 53.25 19.8 0.3 -48.0 0.3 8.0 1.3
J034715.38+232605.9 03 47 15.38 23 26 05.90 19.5 0.3 -43.6 0.2 7.4 1.2
J034715.45+242330.8 03 47 15.45 24 23 30.76 19.7 0.5 -43.9 0.4 7.4 1.2
J034716.45+244450.1 03 47 16.45 24 44 50.08 16.3 1.0 -43.6 1.0 7.1 1.2
J034717.93+242231.5 03 47 17.93 24 22 31.46 17.3 0.7 -43.6 0.7 7.2 1.2
J034718.07+242326.5 03 47 18.07 24 23 26.47 18.0 0.5 -47.4 0.4 7.8 1.2
J034720.43+222156.6 03 47 20.43 22 21 56.65 19.4 0.3 -44.7 0.2 7.5 1.2
J034720.47+195425.6 03 47 20.47 19 54 25.60 18.6 1.8 -46.8 1.8 7.8 1.3
J034721.04+240658.6 03 47 21.04 24 06 58.56 19.3 0.8 -44.3 0.8 7.4 1.2
J034721.84+255352.4 03 47 21.84 25 53 52.41 20.4 0.3 -46.7 0.2 7.8 1.2
J034721.93+262247.4 03 47 21.93 26 22 47.44 19.4 0.3 -45.0 0.3 7.5 1.2
J034722.02+232136.4 03 47 22.02 23 21 36.41 19.9 0.3 -43.3 0.2 7.3 1.2
J034722.29+254315.0 03 47 22.29 25 43 15.03 20.8 0.3 -44.4 0.2 7.5 1.2
J034722.38+241418.7 03 47 22.38 24 14 18.68 17.2 0.4 -41.7 0.4 6.9 1.1
J034722.46+223110.9 03 47 22.46 22 31 10.93 19.9 0.3 -43.3 0.2 7.4 1.2
J034722.69+234406.7 03 47 22.69 23 44 06.75 19.8 0.3 -46.7 0.2 7.8 1.2
J034722.90+225519.6 03 47 22.90 22 55 19.62 20.9 1.1 -47.9 1.0 8.1 1.3
J034723.24+221440.2 03 47 23.24 22 14 40.17 19.5 0.3 -45.0 0.2 7.6 1.2
J034723.86+230856.7 03 47 23.86 23 08 56.72 17.7 1.1 -44.8 1.1 7.4 1.2
J034725.11+241517.1 03 47 25.11 24 15 17.08 19.9 0.4 -43.2 0.4 7.3 1.2
J034725.80+250832.7 03 47 25.80 25 08 32.69 20.8 0.5 -47.6 0.5 8.0 1.3
J034725.90+252626.6 03 47 25.90 25 26 26.57 18.2 0.3 -46.3 0.2 7.6 1.2
J034726.77+233802.5 03 47 26.77 23 38 02.52 18.6 0.3 -42.6 0.2 7.1 1.2
J034727.63+224953.1 03 47 27.63 22 49 53.13 17.9 0.3 -40.0 0.2 6.8 1.1
J034727.72+220938.7 03 47 27.72 22 09 38.74 21.7 0.5 -44.4 0.4 7.6 1.2
J034728.12+232653.5 03 47 28.12 23 26 53.46 18.7 0.3 -42.4 0.2 7.1 1.2
J034728.40+263205.8 03 47 28.40 26 32 05.78 18.0 0.4 -47.9 0.3 7.8 1.2
J034728.43+244032.9 03 47 28.43 24 40 32.92 17.2 0.5 -46.5 0.4 7.6 1.2
J034729.45+241718.0 03 47 29.45 24 17 18.04 17.9 0.9 -45.8 0.9 7.5 1.2
J034729.48+241219.7 03 47 29.48 24 12 19.70 16.7 0.5 -41.3 0.4 6.8 1.1
J034729.60+235249.3 03 47 29.60 23 52 49.27 18.9 0.5 -43.9 0.5 7.3 1.2
J034729.93+233315.1 03 47 29.93 23 33 15.06 17.2 0.3 -42.3 0.2 7.0 1.1
J034730.58+261644.7 03 47 30.58 26 16 44.73 20.8 0.4 -45.9 0.3 7.7 1.2
J034731.13+211051.2 03 47 31.13 21 10 51.17 18.7 0.4 -45.8 0.3 7.7 1.2
J034731.54+272658.4 03 47 31.54 27 26 58.39 18.1 2.1 -40.7 2.1 6.8 1.2
J034731.65+235219.0 03 47 31.65 23 52 18.99 19.7 0.4 -45.0 0.4 7.5 1.2
J034732.00+241024.6 03 47 32.00 24 10 24.65 19.5 0.4 -42.3 0.4 7.1 1.2
J034732.19+231823.4 03 47 32.19 23 18 23.42 18.3 0.4 -44.0 0.3 7.3 1.2
J034734.17+254306.0 03 47 34.17 25 43 05.99 20.5 0.3 -47.2 0.2 7.9 1.3
J034734.52+240222.8 03 47 34.52 24 02 22.83 19.4 0.4 -43.8 0.3 7.4 1.2
J034734.79+224804.5 03 47 34.79 22 48 04.50 20.6 0.3 -45.1 0.2 7.6 1.2
J034735.87+245226.6 03 47 35.87 24 52 26.62 18.8 1.0 -43.6 0.9 7.3 1.2
J034736.03+232826.9 03 47 36.03 23 28 26.88 18.5 0.4 -44.4 0.3 7.4 1.2
J034737.36+252002.3 03 47 37.36 25 20 02.29 17.1 0.4 -44.9 0.3 7.4 1.2
J034737.66+242423.0 03 47 37.66 24 24 22.97 18.4 0.6 -45.5 0.6 7.5 1.2
J034738.37+243559.6 03 47 38.37 24 35 59.62 19.0 0.5 -43.0 0.4 7.2 1.2
J034739.01+243622.3 03 47 39.01 24 36 22.26 20.2 0.3 -46.6 0.2 7.8 1.2
J034739.35+242732.1 03 47 39.35 24 27 32.11 16.9 0.3 -43.9 0.2 7.2 1.2
J034739.79+230004.5 03 47 39.79 23 00 04.54 18.8 0.3 -42.6 0.2 7.2 1.2
J034740.38+241806.7 03 47 40.38 24 18 06.70 19.2 0.4 -47.3 0.3 7.8 1.2
J034740.96+214905.0 03 47 40.96 21 49 05.01 20.7 0.4 -44.9 0.3 7.6 1.2
J034741.45+235818.7 03 47 41.45 23 58 18.65 20.7 0.5 -43.3 0.4 7.4 1.2
J034742.85+281859.1 03 47 42.85 28 18 59.07 16.9 2.8 -40.6 2.9 6.7 1.2
J034743.88+261327.0 03 47 43.88 26 13 27.00 19.9 0.3 -45.3 0.2 7.6 1.2
J034744.44+243655.6 03 47 44.44 24 36 55.63 18.7 0.6 -42.4 0.6 7.1 1.2
J034744.66+234203.0 03 47 44.66 23 42 02.96 20.6 0.4 -44.2 0.3 7.5 1.2
J034744.66+221244.0 03 47 44.66 22 12 44.05 19.7 0.3 -43.7 0.2 7.4 1.2
J034744.68+222353.2 03 47 44.68 22 23 53.25 20.1 0.3 -43.4 0.2 7.4 1.2
J034745.75+240536.9 03 47 45.75 24 05 36.94 18.2 0.4 -42.0 0.4 7.0 1.1
J034745.91+243801.3 03 47 45.91 24 38 01.33 17.4 0.3 -44.4 0.2 7.3 1.2
J034746.40+240302.2 03 47 46.40 24 03 02.20 18.9 0.4 -43.5 0.3 7.3 1.2
J034747.86+251334.4 03 47 47.86 25 13 34.38 19.6 0.3 -44.9 0.2 7.5 1.2
J034747.93+223319.8 03 47 47.93 22 33 19.84 21.2 0.3 -43.5 0.2 7.5 1.2
J034749.78+242543.3 03 47 49.78 24 25 43.28 18.5 0.3 -46.2 0.2 7.6 1.2
J034750.41+235447.8 03 47 50.41 23 54 47.76 18.9 0.8 -41.7 0.8 7.0 1.2
J034751.97+233947.9 03 47 51.97 23 39 47.86 20.7 0.5 -45.2 0.5 7.6 1.2
J034752.87+225934.0 03 47 52.87 22 59 33.96 18.8 0.3 -42.5 0.2 7.2 1.2
J034754.16+223925.6 03 47 54.16 22 39 25.58 20.6 0.3 -46.5 0.2 7.8 1.2
J034755.60+232753.9 03 47 55.60 23 27 53.94 15.9 0.4 -39.6 0.3 6.6 1.1
J034756.64+241531.7 03 47 56.64 24 15 31.67 19.9 0.5 -43.9 0.4 7.4 1.2
J034758.04+220650.9 03 47 58.04 22 06 50.86 20.8 0.3 -44.6 0.3 7.6 1.2
J034759.37+243537.2 03 47 59.37 24 35 37.21 20.2 0.3 -46.5 0.2 7.8 1.2
J034759.67+293338.3 03 47 59.67 29 33 38.31 20.0 3.1 -49.3 3.3 8.1 1.4
J034759.74+223601.8 03 47 59.74 22 36 01.82 19.0 0.5 -43.6 0.5 7.3 1.2
J034759.74+244352.6 03 47 59.74 24 43 52.56 22.2 0.3 -47.8 0.2 8.1 1.3
J034804.67+233930.0 03 48 04.67 23 39 30.03 14.6 0.7 -40.9 0.7 6.7 1.1
J034804.98+232413.4 03 48 04.98 23 24 13.41 17.7 0.5 -45.2 0.4 7.5 1.2
J034805.71+223809.4 03 48 05.71 22 38 09.41 18.3 0.3 -44.4 0.2 7.4 1.2
J034805.87+235300.8 03 48 05.87 23 53 00.83 18.1 0.5 -40.8 0.5 6.9 1.1
J034806.64+240006.6 03 48 06.64 24 00 06.64 16.0 0.4 -40.6 0.4 6.7 1.1
J034808.95+234223.2 03 48 08.95 23 42 23.23 18.8 0.4 -41.6 0.3 7.0 1.1
J034809.22+235840.5 03 48 09.22 23 58 40.48 17.0 0.4 -42.7 0.3 7.1 1.2
J034810.18+235920.1 03 48 10.18 23 59 20.06 19.3 0.4 -42.2 0.4 7.1 1.2
J034810.99+233025.1 03 48 10.99 23 30 25.06 20.7 0.3 -43.0 0.3 7.3 1.2
J034813.31+235846.7 03 48 13.31 23 58 46.70 18.8 0.4 -42.2 0.4 7.1 1.2
J034815.24+232605.4 03 48 15.24 23 26 05.43 18.1 0.3 -43.2 0.2 7.2 1.2
J034815.28+234203.2 03 48 15.28 23 42 03.24 19.2 0.4 -41.8 0.3 7.1 1.2
J034815.48+251436.4 03 48 15.48 25 14 36.44 17.4 0.3 -42.3 0.2 7.0 1.1
J034815.65+255008.9 03 48 15.65 25 50 08.90 22.9 2.8 -49.0 2.8 8.3 1.4
J034816.63+263011.7 03 48 16.63 26 30 11.68 19.1 0.4 -49.3 0.3 8.1 1.3
J034817.37+234823.4 03 48 17.37 23 48 23.44 17.8 0.4 -41.4 0.4 6.9 1.1
J034817.62+220400.8 03 48 17.62 22 04 00.82 14.8 0.7 -40.9 0.7 6.7 1.1
J034818.02+235329.0 03 48 18.02 23 53 29.02 18.0 1.0 -43.7 0.9 7.3 1.2
J034819.01+242512.7 03 48 19.01 24 25 12.70 15.1 0.6 -42.9 0.5 7.0 1.1
J034819.48+263859.4 03 48 19.48 26 38 59.39 17.8 0.6 -44.2 0.5 7.3 1.2
J034820.30+245454.8 03 48 20.30 24 54 54.75 18.1 0.7 -44.9 0.7 7.4 1.2
J034820.58+233101.3 03 48 20.58 23 31 01.27 18.2 0.4 -43.8 0.4 7.3 1.2
J034820.82+232516.5 03 48 20.82 23 25 16.50 18.4 0.9 -47.2 0.8 7.8 1.2
J034821.53+243443.6 03 48 21.53 24 34 43.62 18.6 0.3 -46.6 0.2 7.7 1.2
J034822.66+225221.5 03 48 22.66 22 52 21.46 17.7 0.3 -46.6 0.2 7.7 1.2
J034822.70+232742.8 03 48 22.70 23 27 42.83 19.3 0.4 -43.7 0.3 7.4 1.2
J034822.77+235820.9 03 48 22.77 23 58 20.85 17.4 0.4 -43.1 0.4 7.1 1.2
J034823.92+230808.3 03 48 23.92 23 08 08.30 17.7 0.3 -44.9 0.2 7.4 1.2
J034824.83+222425.7 03 48 24.83 22 24 25.73 17.7 0.9 -49.3 0.9 8.1 1.3
J034825.24+241425.7 03 48 25.24 24 14 25.73 19.0 0.5 -44.4 0.4 7.4 1.2
J034829.76+235805.7 03 48 29.76 23 58 05.69 19.0 0.5 -40.2 0.4 6.8 1.1
J034830.10+242043.9 03 48 30.10 24 20 43.88 18.0 0.9 -43.9 0.8 7.3 1.2
J034831.84+240158.5 03 48 31.84 24 01 58.51 19.7 0.5 -43.2 0.4 7.3 1.2
J034833.79+240158.7 03 48 33.79 24 01 58.67 20.8 0.5 -42.3 0.5 7.2 1.2
J034835.19+225342.3 03 48 35.19 22 53 42.31 19.1 0.4 -44.5 0.3 7.5 1.2
J034835.50+241202.9 03 48 35.50 24 12 02.89 20.3 0.6 -43.3 0.6 7.3 1.2
J034836.34+251541.2 03 48 36.34 25 15 41.22 19.6 0.4 -45.6 0.3 7.6 1.2
J034838.37+223351.7 03 48 38.37 22 33 51.67 18.9 0.7 -46.0 0.6 7.7 1.2
J034839.31+245019.9 03 48 39.31 24 50 19.93 17.4 0.3 -44.5 0.2 7.3 1.2
J034839.92+241242.6 03 48 39.92 24 12 42.62 17.7 0.5 -43.9 0.4 7.3 1.2
J034840.43+243634.1 03 48 40.43 24 36 34.07 20.0 0.3 -46.4 0.2 7.8 1.2
J034840.60+250119.9 03 48 40.60 25 01 19.92 18.2 0.4 -41.2 0.3 6.9 1.1
J034842.68+242719.7 03 48 42.68 24 27 19.69 19.8 0.3 -48.0 0.2 8.0 1.3
J034843.13+263221.1 03 48 43.13 26 32 21.11 18.4 0.4 -45.6 0.3 7.5 1.2
J034844.05+250622.5 03 48 44.05 25 06 22.49 18.5 0.3 -44.1 0.2 7.3 1.2
J034844.69+243723.6 03 48 44.69 24 37 23.64 20.7 0.3 -45.1 0.2 7.6 1.2
J034845.35+243726.4 03 48 45.35 24 37 26.43 17.2 0.3 -47.4 0.2 7.7 1.2
J034848.22+212440.5 03 48 48.22 21 24 40.53 19.3 0.4 -43.5 0.3 7.4 1.2
J034848.97+241602.3 03 48 48.97 24 16 02.30 18.8 0.7 -48.4 0.6 8.0 1.3
J034849.34+235837.9 03 48 49.34 23 58 37.92 18.8 0.5 -42.1 0.4 7.1 1.2
J034850.45+251754.6 03 48 50.45 25 17 54.64 20.8 0.3 -44.3 0.2 7.5 1.2
J034850.67+230430.0 03 48 50.67 23 04 30.05 21.2 0.4 -47.7 0.3 8.0 1.3
J034852.28+252232.3 03 48 52.28 25 22 32.34 16.7 0.3 -41.5 0.2 6.9 1.1
J034855.65+242140.1 03 48 55.65 24 21 40.07 18.3 0.5 -42.8 0.5 7.1 1.2
J034857.05+263653.8 03 48 57.05 26 36 53.84 19.6 0.7 -44.3 0.6 7.4 1.2
J034857.36+241943.5 03 48 57.36 24 19 43.55 20.1 0.4 -43.6 0.4 7.4 1.2
J034857.41+231359.0 03 48 57.41 23 13 58.96 16.9 1.1 -44.5 1.1 7.3 1.2
J034857.51+273825.6 03 48 57.51 27 38 25.62 16.9 1.7 -40.9 1.7 6.7 1.1
J034858.29+230539.1 03 48 58.29 23 05 39.12 19.6 0.3 -45.8 0.2 7.7 1.2
J034858.50+231203.9 03 48 58.50 23 12 03.89 18.8 0.8 -43.4 0.7 7.3 1.2
J034900.98+245410.2 03 49 00.98 24 54 10.23 21.2 0.3 -50.0 0.2 8.3 1.3
J034901.02+225849.1 03 49 01.02 22 58 49.07 20.7 4.5 -45.3 4.5 7.7 1.4
J034901.15+233815.3 03 49 01.15 23 38 15.35 16.0 0.6 -44.8 0.6 7.3 1.2
J034901.50+241138.1 03 49 01.50 24 11 38.14 18.8 0.5 -44.9 0.4 7.5 1.2
J034902.97+215446.8 03 49 02.97 21 54 46.76 18.3 0.3 -47.9 0.3 7.9 1.3
J034904.86+233339.2 03 49 04.86 23 33 39.21 20.1 0.9 -44.3 0.9 7.5 1.2
J034905.18+220452.5 03 49 05.18 22 04 52.46 17.0 0.9 -44.7 0.8 7.4 1.2
J034905.87+234422.8 03 49 05.87 23 44 22.80 16.9 0.5 -39.1 0.5 6.6 1.1
J034905.92+230622.0 03 49 05.92 23 06 22.02 18.0 0.4 -46.4 0.3 7.7 1.2
J034906.12+234652.3 03 49 06.12 23 46 52.26 17.6 0.1 -43.7 0.1 7.2 1.2
J034908.83+255348.8 03 49 08.83 25 53 48.77 16.4 0.3 -46.4 0.2 7.5 1.2
J034909.74+240312.3 03 49 09.74 24 03 12.29 18.9 0.6 -45.0 0.6 7.5 1.2
J034911.04+242051.1 03 49 11.04 24 20 51.11 21.2 0.4 -43.8 0.3 7.5 1.2
J034911.22+240812.2 03 49 11.22 24 08 12.15 20.4 0.8 -47.5 0.8 7.9 1.3
J034911.26+223634.1 03 49 11.26 22 36 34.13 18.6 1.1 -43.2 1.1 7.3 1.2
J034911.42+241424.5 03 49 11.42 24 14 24.45 20.8 0.5 -42.0 0.4 7.2 1.2
J034912.19+235312.5 03 49 12.19 23 53 12.46 18.9 1.0 -43.6 1.0 7.3 1.2
J034912.32+231341.7 03 49 12.32 23 13 41.74 18.7 0.4 -47.4 0.3 7.8 1.2
J034912.52+241112.9 03 49 12.52 24 11 12.85 18.6 0.9 -39.7 0.9 6.7 1.1
J034912.64+254207.2 03 49 12.64 25 42 07.17 18.0 0.4 -45.5 0.3 7.5 1.2
J034913.22+212200.9 03 49 13.22 21 22 00.91 18.6 0.4 -45.3 0.3 7.6 1.2
J034915.12+243622.5 03 49 15.12 24 36 22.51 18.0 0.4 -44.2 0.3 7.3 1.2
J034915.39+243402.1 03 49 15.39 24 34 02.07 20.4 0.3 -44.5 0.2 7.5 1.2
J034915.62+232249.3 03 49 15.62 23 22 49.26 19.7 0.4 -47.2 0.3 7.9 1.3
J034916.17+264903.1 03 49 16.17 26 49 03.14 21.1 0.6 -43.4 0.5 7.4 1.2
J034916.42+240348.9 03 49 16.42 24 03 48.92 19.8 0.8 -45.5 0.8 7.6 1.2
J034920.31+252542.2 03 49 20.31 25 25 42.24 16.7 0.7 -43.2 0.6 7.1 1.2
J034920.60+244635.9 03 49 20.60 24 46 35.92 19.3 0.4 -43.1 0.3 7.2 1.2
J034921.25+244141.0 03 49 21.25 24 41 41.01 20.8 0.3 -45.5 0.2 7.7 1.2
J034921.75+242251.4 03 49 21.75 24 22 51.44 18.2 0.9 -44.8 0.8 7.4 1.2
J034921.93+245443.1 03 49 21.93 24 54 43.11 19.8 0.8 -47.7 0.8 7.9 1.3
J034922.14+254737.9 03 49 22.14 25 47 37.88 19.0 0.3 -42.5 0.3 7.1 1.2
J034922.51+213756.2 03 49 22.51 21 37 56.18 20.1 0.3 -46.6 0.2 7.9 1.3
J034924.07+235021.0 03 49 24.07 23 50 20.96 17.1 1.2 -48.5 1.2 7.9 1.3
J034925.56+221844.3 03 49 25.56 22 18 44.28 18.3 0.8 -40.1 0.7 6.8 1.1
J034925.61+230250.1 03 49 25.61 23 02 50.14 21.8 0.4 -46.2 0.3 7.9 1.3
J034925.98+241451.7 03 49 25.98 24 14 51.74 21.2 1.0 -44.0 0.9 7.5 1.2
J034926.63+225054.6 03 49 26.63 22 50 54.63 18.7 0.3 -45.1 0.2 7.5 1.2
J034927.59+242413.5 03 49 27.59 24 24 13.51 21.0 0.5 -42.7 0.5 7.3 1.2
J034929.82+233855.1 03 49 29.82 23 38 55.06 15.4 0.6 -44.4 0.6 7.2 1.2
J034931.23+234119.5 03 49 31.23 23 41 19.49 18.9 0.5 -41.0 0.4 6.9 1.1
J034932.17+231617.8 03 49 32.17 23 16 17.76 21.0 0.8 -43.1 0.8 7.4 1.2
J034932.54+235542.3 03 49 32.54 23 55 42.31 18.7 0.6 -45.0 0.5 7.5 1.2
J034932.58+232440.8 03 49 32.58 23 24 40.83 21.2 0.8 -44.1 0.8 7.5 1.2
J034932.81+254747.0 03 49 32.81 25 47 46.97 19.8 0.3 -44.9 0.2 7.5 1.2
J034933.04+243202.6 03 49 33.04 24 32 02.55 19.5 0.3 -44.1 0.2 7.4 1.2
J034933.12+241304.5 03 49 33.12 24 13 04.53 21.4 0.5 -46.1 0.5 7.8 1.2
J034933.97+221635.8 03 49 33.97 22 16 35.81 19.5 1.7 -46.0 1.6 7.7 1.3
J034934.92+232716.5 03 49 34.92 23 27 16.46 17.6 0.8 -49.5 0.8 8.1 1.3
J034935.29+255934.6 03 49 35.29 25 59 34.60 19.6 0.4 -45.1 0.3 7.5 1.2
J034935.46+222326.0 03 49 35.46 22 23 26.03 19.7 0.8 -43.8 0.8 7.4 1.2
J034935.77+200628.6 03 49 35.77 20 06 28.60 22.1 1.7 -44.7 1.7 7.8 1.3
J034936.12+235623.1 03 49 36.12 23 56 23.08 18.2 0.5 -41.6 0.5 7.0 1.1
J034936.32+260216.2 03 49 36.32 26 02 16.16 17.6 0.9 -41.3 0.9 6.9 1.1
J034936.53+241813.9 03 49 36.53 24 18 13.90 18.5 0.5 -44.9 0.4 7.5 1.2
J034936.56+241745.5 03 49 36.56 24 17 45.49 16.4 0.9 -45.1 0.9 7.4 1.2
J034938.18+223200.5 03 49 38.18 22 32 00.54 19.3 0.9 -44.3 0.9 7.5 1.2
J034940.92+232029.7 03 49 40.92 23 20 29.66 19.6 0.9 -43.8 0.9 7.4 1.2
J034941.14+231459.4 03 49 41.14 23 14 59.37 21.5 0.4 -42.8 0.3 7.4 1.2
J034941.21+225640.7 03 49 41.21 22 56 40.74 19.3 0.4 -43.2 0.4 7.3 1.2
J034941.34+260853.3 03 49 41.34 26 08 53.28 15.0 0.3 -40.8 0.2 6.6 1.1
J034941.71+215619.0 03 49 41.71 21 56 19.03 15.6 1.0 -43.2 1.0 7.1 1.2
J034942.29+242746.6 03 49 42.29 24 27 46.62 17.8 0.7 -48.9 0.6 8.0 1.3
J034943.18+243946.5 03 49 43.18 24 39 46.49 17.0 0.3 -42.5 0.2 7.0 1.1
J034943.53+234242.7 03 49 43.53 23 42 42.68 17.2 0.9 -44.1 0.8 7.3 1.2
J034947.04+254236.7 03 49 47.04 25 42 36.73 17.0 0.4 -43.8 0.3 7.2 1.2
J034948.15+263747.8 03 49 48.15 26 37 47.78 17.2 0.5 -44.6 0.5 7.3 1.2
J034950.37+234219.8 03 49 50.37 23 42 19.81 17.7 0.5 -45.3 0.5 7.5 1.2
J034952.44+240342.9 03 49 52.44 24 03 42.91 19.0 0.6 -43.1 0.5 7.2 1.2
J034955.07+221438.9 03 49 55.07 22 14 38.95 22.5 0.7 -45.4 0.7 7.8 1.2
J034955.49+240604.9 03 49 55.49 24 06 04.88 19.4 0.4 -42.6 0.4 7.2 1.2
J034955.78+244431.5 03 49 55.78 24 44 31.50 19.4 0.3 -45.9 0.2 7.7 1.2
J034956.60+242056.4 03 49 56.60 24 20 56.37 19.7 0.9 -44.3 0.9 7.4 1.2
J034956.81+245907.1 03 49 56.81 24 59 07.07 19.7 0.3 -44.0 0.2 7.4 1.2
J034957.64+234328.0 03 49 57.64 23 43 27.99 18.9 0.5 -44.5 0.4 7.4 1.2
J034958.05+235055.3 03 49 58.05 23 50 55.28 20.3 1.0 -46.3 1.0 7.8 1.2
J034958.33+250621.1 03 49 58.33 25 06 21.14 20.1 0.3 -45.9 0.2 7.7 1.2
J034958.35+234233.6 03 49 58.35 23 42 33.59 16.1 0.4 -43.1 0.4 7.1 1.2
J034958.61+255346.1 03 49 58.61 25 53 46.13 21.2 0.4 -44.6 0.4 7.5 1.2
J034959.54+241145.8 03 49 59.54 24 11 45.81 19.0 0.3 -40.6 0.2 6.9 1.1
J035002.18+235144.4 03 50 02.18 23 51 44.44 20.4 0.5 -45.0 0.5 7.6 1.2
J035005.00+231817.4 03 50 05.00 23 18 17.35 18.7 0.3 -45.9 0.2 7.6 1.2
J035005.06+240726.2 03 50 05.06 24 07 26.18 18.1 0.3 -42.7 0.2 7.1 1.2
J035006.42+265818.9 03 50 06.42 26 58 18.92 21.3 0.6 -46.0 0.5 7.7 1.2
J035006.55+245946.5 03 50 06.55 24 59 46.53 17.1 0.3 -49.0 0.2 8.0 1.3
J035008.43+253255.5 03 50 08.43 25 32 55.54 16.5 1.0 -45.9 1.0 7.5 1.2
J035008.62+244017.7 03 50 08.62 24 40 17.67 18.4 0.5 -44.6 0.5 7.4 1.2
J035009.72+204154.0 03 50 09.72 20 41 54.04 17.2 2.1 -41.7 2.1 7.0 1.2
J035010.77+242841.3 03 50 10.77 24 28 41.34 19.1 0.5 -43.7 0.4 7.3 1.2
J035012.41+243158.3 03 50 12.41 24 31 58.25 18.5 0.5 -46.4 0.4 7.7 1.2
J035012.45+235535.9 03 50 12.45 23 55 35.87 18.6 0.4 -44.7 0.3 7.4 1.2
J035012.60+234848.7 03 50 12.60 23 48 48.74 18.6 0.5 -46.1 0.4 7.6 1.2
J035013.00+242107.0 03 50 13.00 24 21 06.99 16.2 1.0 -46.8 0.9 7.6 1.2
J035014.76+252529.7 03 50 14.76 25 25 29.72 17.3 1.0 -47.0 0.9 7.7 1.2
J035015.27+241336.2 03 50 15.27 24 13 36.18 17.6 0.3 -42.5 0.2 7.1 1.2
J035015.96+261137.1 03 50 15.96 26 11 37.12 18.7 0.4 -45.8 0.3 7.6 1.2
J035016.09+240834.5 03 50 16.09 24 08 34.53 18.3 0.9 -45.0 0.9 7.5 1.2
J035017.59+225559.0 03 50 17.59 22 55 58.97 19.2 0.4 -42.1 0.3 7.1 1.2
J035018.22+243515.3 03 50 18.22 24 35 15.31 20.8 0.5 -46.1 0.4 7.8 1.2
J035019.15+241634.0 03 50 19.15 24 16 34.04 16.2 0.3 -46.0 0.3 7.5 1.2
J035022.01+235530.2 03 50 22.01 23 55 30.21 19.9 0.9 -46.3 0.8 7.7 1.2
J035022.04+223732.4 03 50 22.04 22 37 32.38 19.0 0.3 -41.4 0.2 7.0 1.1
J035022.92+221117.6 03 50 22.92 22 11 17.60 16.5 1.2 -45.1 1.1 7.4 1.2
J035025.15+235541.7 03 50 25.15 23 55 41.72 16.8 0.4 -41.4 0.3 6.9 1.1
J035027.35+232245.0 03 50 27.35 23 22 44.96 17.8 0.3 -45.1 0.2 7.5 1.2
J035027.83+230355.1 03 50 27.83 23 03 55.14 19.0 0.3 -42.8 0.2 7.2 1.2
J035029.74+192101.5 03 50 29.74 19 21 01.45 20.0 2.6 -41.6 2.5 7.2 1.2
J035029.97+250306.8 03 50 29.97 25 03 06.82 15.3 0.3 -43.7 0.2 7.1 1.2
J035031.96+220847.3 03 50 31.96 22 08 47.27 19.4 1.1 -42.6 1.1 7.2 1.2
J035033.08+242021.8 03 50 33.08 24 20 21.83 17.1 0.3 -45.5 0.2 7.5 1.2
J035034.59+243027.8 03 50 34.59 24 30 27.83 20.9 0.3 -44.0 0.3 7.5 1.2
J035035.73+252535.2 03 50 35.73 25 25 35.18 19.1 0.4 -46.6 0.3 7.7 1.2
J035037.41+222808.1 03 50 37.41 22 28 08.06 20.7 0.3 -44.1 0.2 7.5 1.2
J035037.95+230305.1 03 50 37.95 23 03 05.10 20.0 0.6 -44.0 0.6 7.5 1.2
J035038.91+231302.7 03 50 38.91 23 13 02.74 17.5 0.4 -45.3 0.4 7.5 1.2
J035039.31+252337.1 03 50 39.31 25 23 37.13 19.5 2.7 -44.2 2.6 7.4 1.3
J035039.32+261603.9 03 50 39.32 26 16 03.86 18.7 0.4 -44.5 0.3 7.4 1.2
J035039.55+250254.5 03 50 39.55 25 02 54.53 20.5 1.8 -42.3 1.8 7.2 1.2
J035040.08+235558.7 03 50 40.08 23 55 58.75 18.9 0.8 -50.3 0.8 8.3 1.3
J035041.20+253930.6 03 50 41.20 25 39 30.57 20.4 0.4 -46.8 0.3 7.8 1.2
J035042.15+232933.1 03 50 42.15 23 29 33.11 19.1 0.4 -47.0 0.3 7.8 1.2
J035042.44+241255.5 03 50 42.44 24 12 55.53 17.4 0.3 -44.0 0.2 7.3 1.2
J035043.06+231955.8 03 50 43.06 23 19 55.77 19.3 0.3 -44.5 0.2 7.5 1.2
J035044.34+250705.3 03 50 44.34 25 07 05.29 19.8 0.3 -44.9 0.2 7.5 1.2
J035046.04+225550.0 03 50 46.04 22 55 50.05 16.2 1.3 -45.7 1.3 7.5 1.2
J035048.97+224011.7 03 50 48.97 22 40 11.73 19.6 0.8 -44.0 0.8 7.4 1.2
J035050.78+205431.4 03 50 50.78 20 54 31.43 21.1 1.4 -49.5 1.4 8.4 1.3
J035051.45+231944.5 03 50 51.45 23 19 44.51 17.7 0.4 -46.8 0.3 7.7 1.2
J035052.17+232711.2 03 50 52.17 23 27 11.22 22.1 0.5 -45.8 0.4 7.8 1.2
J035052.18+261140.2 03 50 52.18 26 11 40.18 17.6 0.4 -43.7 0.3 7.2 1.2
J035052.43+235741.3 03 50 52.43 23 57 41.28 20.0 0.9 -45.4 0.9 7.6 1.2
J035054.42+272613.0 03 50 54.42 27 26 12.98 21.2 2.1 -46.4 2.1 7.8 1.3
J035054.65+242155.9 03 50 54.65 24 21 55.93 17.3 0.3 -46.9 0.2 7.7 1.2
J035054.98+243303.7 03 50 54.98 24 33 03.69 16.1 0.3 -40.8 0.2 6.7 1.1
J035056.63+253506.1 03 50 56.63 25 35 06.06 17.0 0.8 -44.7 0.7 7.3 1.2
J035057.40+242444.4 03 50 57.40 24 24 44.41 17.4 0.4 -45.2 0.3 7.4 1.2
J035057.41+240630.9 03 50 57.41 24 06 30.85 19.8 0.4 -42.7 0.3 7.2 1.2
J035057.42+240630.8 03 50 57.42 24 06 30.82 17.7 0.3 -46.5 0.2 7.6 1.2
J035058.17+235542.6 03 50 58.17 23 55 42.59 17.1 0.4 -42.0 0.4 7.0 1.1
J035103.60+243235.4 03 51 03.60 24 32 35.37 17.9 0.3 -45.0 0.2 7.4 1.2
J035103.92+222416.7 03 51 03.92 22 24 16.69 18.8 1.3 -46.2 1.3 7.7 1.2
J035105.08+263651.4 03 51 05.08 26 36 51.42 19.3 0.5 -44.0 0.4 7.3 1.2
J035105.57+244412.4 03 51 05.57 24 44 12.43 17.2 0.4 -44.4 0.3 7.3 1.2
J035106.12+223800.7 03 51 06.12 22 38 00.75 21.5 0.3 -45.4 0.2 7.7 1.2
J035107.10+232057.6 03 51 07.10 23 20 57.59 17.6 0.3 -40.8 0.2 6.8 1.1
J035109.53+241014.7 03 51 09.53 24 10 14.73 20.7 1.7 -46.1 1.6 7.8 1.3
J035111.53+242313.2 03 51 11.53 24 23 13.20 17.6 0.3 -45.3 0.2 7.5 1.2
J035111.88+234443.4 03 51 11.88 23 44 43.39 17.9 0.3 -45.5 0.2 7.5 1.2
J035112.08+235557.2 03 51 12.08 23 55 57.19 20.6 0.6 -47.5 0.6 8.0 1.3
J035113.86+252311.1 03 51 13.86 25 23 11.05 17.8 1.0 -47.5 0.9 7.8 1.2
J035115.82+231656.1 03 51 15.82 23 16 56.07 20.0 0.3 -44.3 0.2 7.5 1.2
J035116.62+210334.9 03 51 16.62 21 03 34.90 18.4 0.8 -46.5 0.7 7.8 1.2
J035117.95+260122.0 03 51 17.95 26 01 22.00 16.6 0.4 -44.9 0.4 7.3 1.2
J035118.86+260308.5 03 51 18.86 26 03 08.53 17.7 1.0 -44.2 1.0 7.3 1.2
J035119.06+241013.2 03 51 19.06 24 10 13.24 20.5 0.3 -47.5 0.2 8.0 1.3
J035119.49+230949.2 03 51 19.49 23 09 49.22 19.4 0.9 -43.3 0.9 7.3 1.2
J035119.77+230404.1 03 51 19.77 23 04 04.11 19.2 0.4 -42.9 0.3 7.2 1.2
J035120.68+193837.8 03 51 20.68 19 38 37.76 20.8 3.8 -45.9 3.9 7.9 1.4
J035123.82+225029.1 03 51 23.82 22 50 29.11 17.6 0.3 -45.7 0.2 7.6 1.2
J035123.88+220647.8 03 51 23.88 22 06 47.77 17.0 1.2 -45.7 1.2 7.5 1.2
J035123.90+250552.4 03 51 23.90 25 05 52.45 19.0 0.7 -41.2 0.7 7.0 1.1
J035124.17+260311.2 03 51 24.17 26 03 11.16 17.0 0.8 -42.7 0.8 7.0 1.2
J035124.41+240514.5 03 51 24.41 24 05 14.50 19.5 0.3 -45.8 0.2 7.7 1.2
J035125.57+234521.4 03 51 25.57 23 45 21.42 18.3 0.4 -45.2 0.3 7.5 1.2
J035125.88+244738.6 03 51 25.88 24 47 38.62 18.8 0.5 -46.2 0.5 7.7 1.2
J035133.99+243409.1 03 51 33.99 24 34 09.09 19.4 0.3 -45.6 0.2 7.6 1.2
J035134.25+234750.0 03 51 34.25 23 47 50.02 18.4 0.3 -44.7 0.2 7.4 1.2
J035134.89+211240.7 03 51 34.89 21 12 40.70 16.0 0.8 -43.7 0.8 7.2 1.2
J035138.95+243044.8 03 51 38.95 24 30 44.77 18.8 0.5 -43.2 0.4 7.2 1.2
J035139.04+224500.8 03 51 39.04 22 45 00.84 19.2 0.4 -46.7 0.3 7.8 1.2
J035139.08+232204.4 03 51 39.08 23 22 04.43 20.8 0.3 -47.0 0.2 7.9 1.3
J035139.11+243529.2 03 51 39.11 24 35 29.22 19.6 0.3 -43.9 0.2 7.4 1.2
J035139.19+235118.4 03 51 39.19 23 51 18.43 18.8 0.3 -47.9 0.2 7.9 1.3
J035139.51+265255.7 03 51 39.51 26 52 55.73 16.2 0.5 -43.2 0.5 7.1 1.2
J035144.94+232639.5 03 51 44.94 23 26 39.50 19.9 0.7 -44.8 0.7 7.6 1.2
J035147.65+243959.1 03 51 47.65 24 39 59.11 21.0 0.9 -45.0 0.8 7.6 1.2
J035150.60+225344.2 03 51 50.60 22 53 44.19 17.3 0.7 -46.9 0.7 7.7 1.2
J035151.16+231740.9 03 51 51.16 23 17 40.93 18.6 1.0 -47.6 0.9 7.9 1.3
J035151.55+233449.2 03 51 51.55 23 34 49.21 19.9 0.3 -46.6 0.2 7.8 1.2
J035154.02+240250.9 03 51 54.02 24 02 50.92 19.5 1.0 -43.1 0.9 7.3 1.2
J035154.51+233331.6 03 51 54.51 23 33 31.59 22.1 0.4 -49.1 0.4 8.3 1.3
J035157.34+232021.8 03 51 57.34 23 20 21.78 20.7 0.4 -45.6 0.3 7.7 1.2
J035157.52+254831.3 03 51 57.52 25 48 31.28 20.1 0.4 -49.8 0.3 8.2 1.3
J035158.34+235819.5 03 51 58.34 23 58 19.53 18.0 0.3 -48.2 0.2 7.9 1.3
J035158.82+244004.2 03 51 58.82 24 40 04.21 17.4 0.4 -44.9 0.4 7.4 1.2
J035159.27+231717.7 03 51 59.27 23 17 17.71 18.7 0.4 -42.1 0.3 7.1 1.2
J035201.65+250129.0 03 52 01.65 25 01 29.00 19.3 0.7 -42.9 0.6 7.2 1.2
J035202.10+231545.4 03 52 02.10 23 15 45.40 17.5 0.7 -43.6 0.6 7.2 1.2
J035202.64+250614.8 03 52 02.64 25 06 14.77 17.3 0.7 -43.6 0.7 7.2 1.2
J035203.59+250113.5 03 52 03.59 25 01 13.47 19.6 0.7 -43.8 0.6 7.3 1.2
J035204.38+214539.0 03 52 04.38 21 45 39.05 17.5 0.4 -44.1 0.3 7.3 1.2
J035204.47+241439.7 03 52 04.47 24 14 39.71 19.0 0.3 -43.4 0.2 7.3 1.2
J035205.58+223455.2 03 52 05.58 22 34 55.21 20.1 0.3 -45.1 0.2 7.6 1.2
J035205.82+241731.2 03 52 05.82 24 17 31.20 18.0 0.3 -43.7 0.2 7.3 1.2
J035206.67+220114.2 03 52 06.67 22 01 14.20 15.4 0.7 -45.4 0.7 7.4 1.2
J035206.71+241600.6 03 52 06.71 24 16 00.63 21.0 0.3 -46.2 0.2 7.8 1.2
J035207.95+252754.6 03 52 07.95 25 27 54.65 17.1 0.4 -42.7 0.3 7.0 1.2
J035211.22+205233.5 03 52 11.22 20 52 33.49 17.3 0.6 -43.0 0.5 7.2 1.2
J035212.19+262208.7 03 52 12.19 26 22 08.73 20.4 1.6 -44.8 1.5 7.5 1.2
J035213.20+261145.2 03 52 13.20 26 11 45.20 17.5 1.5 -42.9 1.5 7.1 1.2
J035213.32+260836.7 03 52 13.32 26 08 36.70 14.0 0.7 -40.8 0.6 6.6 1.1
J035214.07+282440.9 03 52 14.07 28 24 40.90 15.3 2.3 -42.8 2.2 6.9 1.2
J035215.63+253109.2 03 52 15.63 25 31 09.17 17.8 0.5 -44.6 0.5 7.4 1.2
J035217.54+242719.8 03 52 17.54 24 27 19.82 17.3 0.3 -42.1 0.3 7.0 1.1
J035217.64+242718.4 03 52 17.64 24 27 18.36 19.5 1.0 -46.9 1.0 7.8 1.3
J035218.46+220053.3 03 52 18.46 22 00 53.26 19.1 0.4 -41.9 0.3 7.1 1.2
J035218.64+240428.0 03 52 18.64 24 04 28.03 19.6 0.4 -46.8 0.3 7.8 1.2
J035218.71+235236.8 03 52 18.71 23 52 36.76 18.6 0.3 -46.2 0.2 7.7 1.2
J035220.65+243355.8 03 52 20.65 24 33 55.82 18.4 0.3 -45.0 0.2 7.5 1.2
J035222.51+233841.4 03 52 22.51 23 38 41.39 18.3 0.3 -49.5 0.2 8.1 1.3
J035227.19+231208.0 03 52 27.19 23 12 07.96 15.2 1.3 -41.6 1.3 6.8 1.1
J035230.91+243239.7 03 52 30.91 24 32 39.72 18.0 0.3 -45.7 0.2 7.5 1.2
J035234.47+223007.5 03 52 34.47 22 30 07.45 19.0 0.3 -42.4 0.2 7.2 1.2
J035235.32+250104.4 03 52 35.32 25 01 04.40 17.4 0.7 -45.2 0.7 7.4 1.2
J035238.91+255025.5 03 52 38.91 25 50 25.45 21.2 0.3 -45.9 0.2 7.7 1.2
J035239.15+244629.6 03 52 39.15 24 46 29.60 17.5 0.6 -44.9 0.6 7.4 1.2
J035243.23+242758.8 03 52 43.23 24 27 58.76 18.6 0.3 -45.0 0.2 7.5 1.2
J035244.28+235415.1 03 52 44.28 23 54 15.15 16.9 0.3 -44.7 0.2 7.4 1.2
J035244.47+242059.6 03 52 44.47 24 20 59.61 18.0 0.3 -45.8 0.2 7.6 1.2
J035245.36+251647.1 03 52 45.36 25 16 47.12 15.3 0.8 -45.3 0.7 7.3 1.2
J035245.66+214119.8 03 52 45.66 21 41 19.80 17.9 0.4 -45.1 0.3 7.5 1.2
J035251.72+223132.6 03 52 51.72 22 31 32.63 18.9 0.4 -45.4 0.3 7.6 1.2
J035251.79+233348.2 03 52 51.79 23 33 48.23 19.9 0.3 -48.3 0.2 8.0 1.3
J035253.48+244256.6 03 52 53.48 24 42 56.64 17.3 0.9 -44.5 0.9 7.3 1.2
J035254.26+251743.1 03 52 54.26 25 17 43.12 17.7 1.2 -47.7 1.2 7.8 1.3
J035254.91+243718.1 03 52 54.91 24 37 18.08 17.6 1.3 -45.5 1.2 7.5 1.2
J035255.92+245741.7 03 52 55.92 24 57 41.65 17.8 0.5 -46.8 0.5 7.7 1.2
J035256.97+222601.1 03 52 56.97 22 26 01.05 19.1 0.4 -46.4 0.3 7.8 1.2
J035258.13+212526.7 03 52 58.13 21 25 26.74 22.3 1.3 -48.5 1.2 8.3 1.3
J035258.36+210520.0 03 52 58.36 21 05 19.96 18.8 0.7 -49.3 0.7 8.2 1.3
J035258.78+252618.9 03 52 58.78 25 26 18.90 17.7 1.1 -46.5 1.1 7.6 1.2
J035259.14+245405.4 03 52 59.14 24 54 05.41 20.4 0.3 -45.1 0.2 7.6 1.2
J035300.63+233252.3 03 53 00.63 23 32 52.35 16.0 2.6 -43.4 2.6 7.1 1.2
J035304.21+215323.8 03 53 04.21 21 53 23.77 19.1 0.4 -46.1 0.3 7.7 1.2
J035307.29+254721.4 03 53 07.29 25 47 21.36 18.9 0.5 -46.1 0.5 7.6 1.2
J035309.63+233347.9 03 53 09.63 23 33 47.89 19.3 0.3 -46.8 0.2 7.8 1.2
J035316.44+232058.2 03 53 16.44 23 20 58.18 16.5 0.3 -40.1 0.2 6.7 1.1
J035324.11+234758.4 03 53 24.11 23 47 58.43 18.7 0.3 -45.0 0.2 7.5 1.2
J035324.24+251437.5 03 53 24.24 25 14 37.55 18.0 1.1 -47.3 1.0 7.8 1.2
J035324.50+250207.0 03 53 24.50 25 02 06.99 16.0 0.3 -46.1 0.3 7.5 1.2
J035324.83+232414.8 03 53 24.83 23 24 14.79 18.8 0.4 -46.2 0.3 7.7 1.2
J035331.57+205726.9 03 53 31.57 20 57 26.87 18.9 0.7 -49.3 0.6 8.2 1.3
J035335.39+214705.7 03 53 35.39 21 47 05.72 19.2 0.4 -45.5 0.3 7.7 1.2
J035335.52+260708.2 03 53 35.52 26 07 08.24 17.9 0.3 -44.7 0.2 7.4 1.2
J035343.03+205000.2 03 53 43.03 20 50 00.17 19.1 1.6 -41.3 1.6 7.1 1.2
J035347.57+234431.0 03 53 47.57 23 44 30.95 18.1 0.3 -47.9 0.2 7.9 1.3
J035348.03+234909.8 03 53 48.03 23 49 09.75 19.1 0.3 -47.4 0.2 7.9 1.3
J035348.40+292816.0 03 53 48.40 29 28 16.04 20.6 1.6 -47.5 1.6 7.9 1.3
J035353.32+223037.5 03 53 53.32 22 30 37.52 21.2 0.3 -48.1 0.2 8.1 1.3
J035355.12+232336.1 03 53 55.12 23 23 36.15 17.2 0.3 -42.7 0.2 7.1 1.2
J035357.28+232043.0 03 53 57.28 23 20 42.95 18.1 0.3 -44.8 0.2 7.4 1.2
J035400.37+243450.0 03 54 00.37 24 34 49.99 17.8 0.3 -43.9 0.2 7.3 1.2
J035400.70+235859.7 03 54 00.70 23 58 59.71 19.6 0.3 -49.1 0.2 8.1 1.3
J035401.11+231941.2 03 54 01.11 23 19 41.19 18.8 0.3 -42.8 0.2 7.2 1.2
J035401.43+234957.5 03 54 01.43 23 49 57.52 18.9 2.2 -42.9 2.1 7.2 1.2
J035402.72+233501.1 03 54 02.72 23 35 01.10 16.7 0.4 -44.6 0.3 7.3 1.2
J035405.34+233359.5 03 54 05.34 23 33 59.49 15.5 0.4 -43.6 0.3 7.1 1.2
J035406.75+253745.4 03 54 06.75 25 37 45.39 19.2 1.4 -44.2 1.4 7.4 1.2
J035406.96+191914.3 03 54 06.96 19 19 14.30 19.3 3.3 -47.9 3.5 8.1 1.4
J035410.27+234140.2 03 54 10.27 23 41 40.16 18.2 0.7 -47.8 0.6 7.9 1.3
J035411.49+251842.6 03 54 11.49 25 18 42.58 17.9 1.0 -46.1 0.9 7.6 1.2
J035413.01+232050.8 03 54 13.01 23 20 50.81 19.0 0.3 -47.0 0.2 7.8 1.2
J035414.06+231752.1 03 54 14.06 23 17 52.06 18.9 0.6 -45.4 0.5 7.6 1.2
J035415.60+242045.8 03 54 15.60 24 20 45.82 15.5 0.4 -38.6 0.3 6.4 1.1
J035422.48+233812.0 03 54 22.48 23 38 12.05 19.2 0.3 -44.5 0.2 7.5 1.2
J035423.99+235158.9 03 54 23.99 23 51 58.95 18.2 0.3 -46.8 0.2 7.7 1.2
J035424.39+224120.5 03 54 24.39 22 41 20.46 19.1 0.9 -46.1 0.9 7.7 1.2
J035425.03+244243.7 03 54 25.03 24 42 43.69 20.0 0.3 -46.7 0.3 7.8 1.2
J035427.97+235007.0 03 54 27.97 23 50 07.01 22.5 0.4 -47.1 0.3 8.0 1.3
J035428.11+235636.2 03 54 28.11 23 56 36.22 18.4 0.3 -45.7 0.2 7.6 1.2
J035431.48+223901.6 03 54 31.48 22 39 01.64 18.7 0.4 -43.7 0.3 7.4 1.2
J035433.62+254043.3 03 54 33.62 25 40 43.33 16.9 1.2 -43.1 1.2 7.1 1.2
J035437.36+231332.7 03 54 37.36 23 13 32.67 19.1 0.3 -43.9 0.2 7.4 1.2
J035438.02+195422.6 03 54 38.02 19 54 22.57 16.7 3.2 -45.5 3.3 7.6 1.3
J035439.13+243554.6 03 54 39.13 24 35 54.58 18.9 0.3 -44.1 0.2 7.4 1.2
J035446.39+250258.2 03 54 46.39 25 02 58.16 15.5 1.7 -41.2 1.7 6.8 1.1
J035458.04+251428.9 03 54 58.04 25 14 28.94 16.9 0.8 -46.7 0.7 7.6 1.2
J035503.61+213109.7 03 55 03.61 21 31 09.75 16.8 0.9 -49.2 0.9 8.1 1.3
J035504.36+261550.3 03 55 04.36 26 15 50.29 16.9 0.4 -44.7 0.3 7.3 1.2
J035508.98+240502.5 03 55 08.98 24 05 02.52 18.0 0.3 -45.0 0.2 7.5 1.2
J035511.85+225802.4 03 55 11.85 22 58 02.36 17.8 0.9 -50.4 0.9 8.2 1.3
J035513.64+193016.5 03 55 13.64 19 30 16.52 15.3 4.9 -39.8 4.5 6.7 1.3
J035527.05+251445.8 03 55 27.05 25 14 45.84 18.5 0.5 -43.5 0.4 7.3 1.2
J035529.02+234620.4 03 55 29.02 23 46 20.40 17.1 0.6 -44.7 0.6 7.4 1.2
J035530.19+210110.2 03 55 30.19 21 01 10.18 18.0 2.1 -43.9 2.1 7.4 1.2
J035530.90+232350.9 03 55 30.90 23 23 50.89 19.2 0.3 -44.1 0.2 7.4 1.2
J035533.86+224831.6 03 55 33.86 22 48 31.61 16.5 1.0 -41.7 1.0 6.9 1.1
J035534.29+222329.1 03 55 34.29 22 23 29.15 15.4 1.8 -39.5 1.8 6.6 1.1
J035534.41+235828.4 03 55 34.41 23 58 28.44 17.6 0.3 -42.7 0.2 7.1 1.2
J035548.72+235536.1 03 55 48.72 23 55 36.06 18.2 0.8 -44.9 0.7 7.5 1.2
J035556.04+233401.9 03 55 56.04 23 34 01.95 18.6 0.4 -44.0 0.3 7.4 1.2
J035558.17+243259.6 03 55 58.17 24 32 59.61 19.4 1.0 -48.7 0.9 8.1 1.3
J035558.84+245740.0 03 55 58.84 24 57 40.00 20.2 0.3 -47.3 0.2 7.9 1.3
J035559.93+265959.6 03 55 59.93 26 59 59.59 16.9 1.5 -41.9 1.5 6.9 1.2
J035605.82+222621.7 03 56 05.82 22 26 21.65 17.7 1.0 -38.0 1.0 6.5 1.1
J035611.33+203429.7 03 56 11.33 20 34 29.74 21.0 1.7 -46.7 1.7 8.0 1.3
J035611.38+250336.6 03 56 11.38 25 03 36.59 19.6 0.5 -43.6 0.4 7.3 1.2
J035618.60+235751.7 03 56 18.60 23 57 51.74 20.2 0.3 -47.4 0.2 7.9 1.3
J035623.50+244956.4 03 56 23.50 24 49 56.44 16.7 0.4 -47.0 0.3 7.7 1.2
J035624.99+230526.4 03 56 24.99 23 05 26.43 18.3 1.8 -47.7 1.9 7.9 1.3
J035628.90+240154.2 03 56 28.90 24 01 54.22 19.7 0.3 -45.6 0.2 7.7 1.2
J035633.53+203320.3 03 56 33.53 20 33 20.27 17.7 2.9 -41.5 2.8 7.0 1.2
J035638.76+213508.2 03 56 38.76 21 35 08.23 19.5 1.8 -40.7 1.8 7.0 1.2
J035640.93+225940.5 03 56 40.93 22 59 40.52 16.2 2.1 -41.6 2.1 6.9 1.2
J035644.75+253010.7 03 56 44.75 25 30 10.74 16.8 0.9 -42.0 0.9 6.9 1.1
J035646.60+262100.3 03 56 46.60 26 21 00.31 20.7 1.7 -49.7 1.7 8.2 1.3
J035649.95+195549.5 03 56 49.95 19 55 49.53 18.4 0.5 -40.5 0.4 6.9 1.1
J035652.32+251005.0 03 56 52.32 25 10 04.98 20.4 1.5 -48.8 1.5 8.1 1.3
J035652.90+232543.9 03 56 52.90 23 25 43.88 18.8 0.5 -42.8 0.4 7.2 1.2
J035655.47+220824.3 03 56 55.47 22 08 24.26 19.1 1.8 -42.5 1.8 7.2 1.2
J035701.51+192322.1 03 57 01.51 19 23 22.09 18.1 3.2 -38.4 3.1 6.6 1.2
J035705.35+274647.4 03 57 05.35 27 46 47.39 20.8 2.4 -45.7 2.5 7.6 1.3
J035706.22+231300.7 03 57 06.22 23 13 00.71 17.9 1.6 -41.1 1.6 6.9 1.2
J035708.60+200742.8 03 57 08.60 20 07 42.83 17.9 0.5 -43.3 0.4 7.3 1.2
J035709.81+213627.1 03 57 09.81 21 36 27.08 18.7 2.2 -43.3 2.1 7.3 1.2
J035711.14+245001.6 03 57 11.14 24 50 01.61 18.2 0.5 -41.0 0.4 6.9 1.1
J035716.85+240032.9 03 57 16.85 24 00 32.91 21.6 0.5 -47.1 0.4 8.0 1.3
J035718.48+213732.2 03 57 18.48 21 37 32.21 20.0 2.7 -42.7 2.7 7.3 1.3
J035721.71+190803.3 03 57 21.71 19 08 03.27 18.5 2.9 -46.7 2.8 7.9 1.3
J035730.82+234122.5 03 57 30.82 23 41 22.53 19.3 1.6 -47.2 1.6 7.9 1.3
J035732.00+222600.1 03 57 32.00 22 26 00.11 16.7 0.5 -42.9 0.4 7.1 1.2
J035732.02+251657.4 03 57 32.02 25 16 57.35 19.7 1.1 -45.2 1.1 7.6 1.2
J035733.06+235647.1 03 57 33.06 23 56 47.06 17.6 0.4 -48.4 0.3 7.9 1.3
J035733.31+240311.4 03 57 33.31 24 03 11.45 16.7 0.8 -44.6 0.8 7.3 1.2
J035736.08+235552.2 03 57 36.08 23 55 52.24 18.2 0.5 -44.0 0.5 7.3 1.2
J035742.97+252307.0 03 57 42.97 25 23 06.96 18.9 0.9 -46.1 0.8 7.6 1.2
J035749.37+220831.1 03 57 49.37 22 08 31.09 19.4 0.5 -43.7 0.4 7.4 1.2
J035752.35+210215.9 03 57 52.35 21 02 15.93 18.7 1.0 -43.3 1.0 7.3 1.2
J035800.61+211820.8 03 58 00.61 21 18 20.80 14.1 1.6 -41.3 1.6 6.8 1.1
J035801.69+204036.5 03 58 01.69 20 40 36.50 20.2 0.8 -48.5 0.8 8.2 1.3
J035801.96+235354.7 03 58 01.96 23 53 54.69 19.8 0.5 -46.6 0.4 7.8 1.2
J035808.74+195816.7 03 58 08.74 19 58 16.68 16.6 1.3 -41.4 1.3 7.0 1.2
J035817.43+221152.9 03 58 17.43 22 11 52.88 14.2 0.6 -43.2 0.6 7.0 1.2
J035820.90+240452.0 03 58 20.90 24 04 52.00 16.8 0.9 -49.4 0.9 8.0 1.3
J035825.14+240058.7 03 58 25.14 24 00 58.72 19.1 0.4 -45.8 0.4 7.6 1.2
J035830.99+230412.6 03 58 30.99 23 04 12.61 21.9 1.6 -46.5 1.6 7.9 1.3
J035833.71+280709.1 03 58 33.71 28 07 09.07 21.2 3.0 -50.5 3.0 8.4 1.4
J035834.17+224011.3 03 58 34.17 22 40 11.29 17.7 0.6 -39.8 0.5 6.7 1.1
J035846.11+195655.9 03 58 46.11 19 56 55.89 17.8 2.4 -38.4 2.3 6.6 1.2
J035856.14+232753.7 03 58 56.14 23 27 53.73 19.9 0.5 -43.3 0.4 7.3 1.2
J035857.03+234231.4 03 58 57.03 23 42 31.36 19.6 0.5 -48.6 0.4 8.1 1.3
J035909.87+214602.0 03 59 09.87 21 46 02.03 19.2 1.1 -42.6 1.1 7.3 1.2
J035912.91+241718.5 03 59 12.91 24 17 18.53 18.0 0.5 -40.8 0.5 6.9 1.1
J035922.90+223416.9 03 59 22.90 22 34 16.85 17.5 0.5 -46.6 0.4 7.7 1.2
J035929.33+213956.1 03 59 29.33 21 39 56.06 15.7 1.0 -41.9 1.0 6.9 1.1
J035956.49+234015.3 03 59 56.49 23 40 15.26 14.4 1.9 -44.8 1.9 7.3 1.2
J035959.16+234104.6 03 59 59.16 23 41 04.58 16.8 1.8 -49.3 1.8 8.0 1.3
J035959.84+250853.6 03 59 59.84 25 08 53.59 15.6 2.1 -43.2 2.1 7.1 1.2
J035959.85+220529.5 03 59 59.85 22 05 29.50 14.7 0.4 -39.8 0.4 6.6 1.1
J040002.39+253934.0 04 00 02.39 25 39 33.97 19.5 2.6 -50.3 2.6 8.3 1.4
J040002.53+263601.9 04 00 02.53 26 36 01.88 13.4 3.4 -41.6 3.2 6.7 1.2
J040008.16+223201.1 04 00 08.16 22 32 01.07 17.5 0.6 -39.3 0.6 6.7 1.1
J040009.01+240325.5 04 00 09.01 24 03 25.48 19.9 0.8 -44.3 0.7 7.5 1.2
J040010.29+220217.3 04 00 10.29 22 02 17.28 19.8 0.5 -48.6 0.5 8.1 1.3
J040011.72+232308.9 04 00 11.72 23 23 08.91 18.9 2.1 -40.5 2.0 6.9 1.2
J040028.36+272054.5 04 00 28.36 27 20 54.45 15.8 1.9 -40.8 1.9 6.7 1.1
J040039.24+264419.0 04 00 39.24 26 44 19.01 16.0 1.5 -46.2 1.5 7.5 1.2
J040040.25+232653.8 04 00 40.25 23 26 53.78 17.4 1.6 -47.1 1.6 7.8 1.3
J040050.51+234353.0 04 00 50.51 23 43 52.96 14.4 2.2 -43.3 2.2 7.0 1.2
J040059.12+240834.9 04 00 59.12 24 08 34.86 17.5 7.5 -38.4 7.5 6.5 1.6
J040111.36+221038.2 04 01 11.36 22 10 38.15 19.4 0.6 -49.4 0.6 8.2 1.3
J040112.08+235412.9 04 01 12.08 23 54 12.91 16.2 1.0 -42.9 1.0 7.1 1.2
J040124.41+201715.6 04 01 24.41 20 17 15.58 15.6 1.7 -45.6 1.6 7.5 1.2
J040126.05+213508.7 04 01 26.05 21 35 08.68 17.5 0.6 -39.4 0.6 6.7 1.1
J040145.82+214404.9 04 01 45.82 21 44 04.92 15.3 1.7 -46.4 1.7 7.6 1.2
J040222.62+244824.1 04 02 22.62 24 48 24.07 16.7 2.3 -48.7 2.3 7.9 1.3
J040241.90+222818.3 04 02 41.90 22 28 18.30 19.3 2.0 -45.6 2.0 7.7 1.3
J040304.52+234949.9 04 03 04.52 23 49 49.90 14.5 4.6 -41.7 4.3 6.8 1.3
J040354.12+225047.6 04 03 54.12 22 50 47.60 20.2 3.0 -47.3 3.0 8.0 1.3
J040434.79+220246.3 04 04 34.79 22 02 46.27 14.8 2.4 -42.0 2.4 6.9 1.2
J040513.75+240842.6 04 05 13.75 24 08 42.64 18.0 1.7 -43.8 1.7 7.3 1.2
J040551.62+234448.0 04 05 51.62 23 44 48.03 20.0 1.8 -46.0 1.8 7.7 1.3
J040600.83+233406.4 04 06 00.83 23 34 06.40 15.7 1.8 -39.2 1.8 6.5 1.1
J040619.96+224410.6 04 06 19.96 22 44 10.61 17.9 4.0 -50.6 3.8 8.3 1.4
J040624.37+250138.0 04 06 24.37 25 01 37.97 15.1 2.2 -39.2 2.2 6.5 1.1
J040628.54+223659.6 04 06 28.54 22 36 59.65 14.3 2.9 -40.5 2.9 6.7 1.2
J040710.05+241232.3 04 07 10.05 24 12 32.32 18.7 2.6 -47.3 2.6 7.8 1.3
J040859.01+242626.3 04 08 59.01 24 26 26.27 17.8 3.0 -47.5 3.3 7.8 1.3
J040928.12+254805.3 04 09 28.12 25 48 05.28 18.3 2.2 -41.8 2.1 7.0 1.2
J041046.42+243213.9 04 10 46.42 24 32 13.87 16.0 1.9 -49.1 1.8 8.0 1.3